1.0000e+00 -8.4003e-02 -4.7172e-02 -1.6672e-01 -1.6025e-01 -1.6025e-01 -1.0740e-01 -1.0740e-01 -1.0740e-01 -4.7172e-02 -4.7172e-02 -5.9891e-02 -5.9891e-02 2.6409e-02 -5.5931e-02 3.7168e-02 -5.9891e-02 -7.7626e-04 -8.5575e-03 3.7005e-03 1.1381e-02 3.3727e-02 1.1701e-02 3.7005e-03 -6.6200e-02 2.4884e-02 3.7005e-03 2.6409e-02 1.1701e-02 3.7005e-03 1.1701e-02 -4.5579e-02 1.1381e-02 3.3727e-02 -6.0724e-02 1.1701e-02 2.6409e-02 1.1701e-02 2.2752e-02 3.3727e-02 -1.6832e-02 1.1381e-02
-8.4003e-02 1.0000e+00 6.9870e-01 6.4293e-01 6.6509e-01 6.6509e-01 5.3014e-01 5.3014e-01 5.3014e-01 6.7136e-01 6.7136e-01 5.1513e-01 5.1513e-01 -1.7228e-02 5.0881e-01 1.4122e-01 5.1513e-01 3.5268e-01 1.8242e-01 2.5912e-01 -1.8078e-02 1.4448e-01 2.6371e-01 2.5912e-01 5.0881e-01 1.4122e-01 2.5912e-01 -1.7228e-02 2.6371e-01 2.5912e-01 2.6371e-01 -5.4237e-03 -1.8078e-02 1.4448e-01 4.8493e-02 2.6371e-01 -1.7228e-02 2.6371e-01 4.4963e-02 1.4448e-01 -7.6740e-03 -1.8078e-02
-4.7172e-02 6.9870e-01 1.0000e+00 5.5591e-01 5.3798e-01 5.3798e-01 6.6887e-01 6.6887e-01 6.6887e-01 9.5791e-01 9.5791e-01 8.6807e-01 8.6807e-01 3.9206e-01 8.5772e-01 6.7385e-01 8.6807e-01 6.2237e-01 4.8044e-01 7.3036e-01 3.7182e-01 6.8597e-01 7.4189e-01 7.3036e-01 8.5772e-01 6.7385e-01 7.3036e-01 3.9206e-01 7.4189e-01 7.3036e-01 7.4189e-01 1.3794e-01 3.7182e-01 6.8597e-01 2.4491e-01 7.4189e-01 3.9206e-01 7.4189e-01 6.4128e-01 6.8597e-01 9.2492e-02 3.7182e-01
-1.6672e-01 6.4293e-01 5.5591e-01 1.0000e+00 9.6776e-01 9.6776e-01 7.7795e-01 7.7795e-01 7.7795e-01 5.1935e-01 5.1935e-01 5.5560e-01 5.5560e-01 6.7377e-02 5.4907e-01 2.3352e-02 5.5560e-01 3.8184e-01 3.2405e-01 1.9270e-01 6.3061e-02 2.4467e-02 1.9611e-01 1.9270e-01 5.4907e-01 2.3352e-02 1.9270e-01 6.7377e-02 1.9611e-01 1.9270e-01 1.9611e-01 2.4813e-01 6.3061e-02 2.4467e-02 9.7559e-02 1.9611e-01 6.7377e-02 1.9611e-01 2.8092e-02 2.4467e-02 1.7271e-01 6.3061e-02
-1.6025e-01 6.6509e-01 5.3798e-01 9.6776e-01 1.0000e+00 1.0000e+00 8.0431e-01 8.0431e-01 8.0431e-01 5.3798e-01 5.3798e-01 5.7529e-01 5.7529e-01 7.0372e-02 5.6856e-01 2.5565e-02 5.7529e-01 3.9652e-01 3.3548e-01 2.0047e-01 6.5957e-02 2.6692e-02 2.0397e-01 2.0047e-01 5.6856e-01 2.5565e-02 2.0047e-01 7.0372e-02 2.0397e-01 2.0047e-01 2.0397e-01 2.5640e-01 6.5957e-02 2.6692e-02 1.0330e-01 2.0397e-01 7.0372e-02 2.0397e-01 3.0359e-02 2.6692e-02 1.7865e-01 6.5957e-02
-1.6025e-01 6.6509e-01 5.3798e-01 9.6776e-01 1.0000e+00 1.0000e+00 8.0431e-01 8.0431e-01 8.0431e-01 5.3798e-01 5.3798e-01 5.7529e-01 5.7529e-01 7.0372e-02 5.6856e-01 2.5565e-02 5.7529e-01 3.9652e-01 3.3548e-01 2.0047e-01 6.5957e-02 2.6692e-02 2.0397e-01 2.0047e-01 5.6856e-01 2.5565e-02 2.0047e-01 7.0372e-02 2.0397e-01 2.0047e-01 2.0397e-01 2.5640e-01 6.5957e-02 2.6692e-02 1.0330e-01 2.0397e-01 7.0372e-02 2.0397e-01 3.0359e-02 2.6692e-02 1.7865e-01 6.5957e-02
-1.0740e-01 5.3014e-01 6.6887e-01 7.7795e-01 8.0431e-01 8.0431e-01 1.0000e+00 1.0000e+00 1.0000e+00 6.6887e-01 6.6887e-01 7.1525e-01 7.1525e-01 5.8804e-01 7.0689e-01 3.1911e-01 7.1525e-01 5.0633e-01 7.1988e-01 4.4279e-01 5.5949e-01 3.2511e-01 4.4986e-01 4.4279e-01 7.0689e-01 3.1911e-01 4.4279e-01 5.8804e-01 4.4986e-01 4.4279e-01 4.4986e-01 2.0622e-01 5.5949e-01 3.2511e-01 2.5148e-01 4.4986e-01 5.8804e-01 4.4986e-01 3.4499e-01 3.2511e-01 1.4249e-01 5.5949e-01
-1.0740e-01 5.3014e-01 6.6887e-01 7.7795e-01 8.0431e-01 8.0431e-01 1.0000e+00 1.0000e+00 1.0000e+00 6.6887e-01 6.6887e-01 7.1525e-01 7.1525e-01 5.8804e-01 7.0689e-01 3.1911e-01 7.1525e-01 5.0633e-01 7.1988e-01 4.4279e-01 5.5949e-01 3.2511e-01 4.4986e-01 4.4279e-01 7.0689e-01 3.1911e-01 4.4279e-01 5.8804e-01 4.4986e-01 4.4279e-01 4.4986e-01 2.0622e-01 5.5949e-01 3.2511e-01 2.5148e-01 4.4986e-01 5.8804e-01 4.4986e-01 3.4499e-01 3.2511e-01 1.4249e-01 5.5949e-01
-1.0740e-01 5.3014e-01 6.6887e-01 7.7795e-01 8.0431e-01 8.0431e-01 1.0000e+00 1.0000e+00 1.0000e+00 6.6887e-01 6.6887e-01 7.1525e-01 7.1525e-01 5.8804e-01 7.0689e-01 3.1911e-01 7.1525e-01 5.0633e-01 7.1988e-01 4.4279e-01 5.5949e-01 3.2511e-01 4.4986e-01 4.4279e-01 7.0689e-01 3.1911e-01 4.4279e-01 5.8804e-01 4.4986e-01 4.4279e-01 4.4986e-01 2.0622e-01 5.5949e-01 3.2511e-01 2.5148e-01 4.4986e-01 5.8804e-01 4.4986e-01 3.4499e-01 3.2511e-01 1.4249e-01 5.5949e-01
-4.7172e-02 6.7136e-01 9.5791e-01 5.1935e-01 5.3798e-01 5.3798e-01 6.6887e-01 6.6887e-01 6.6887e-01 1.0000e+00 9.7896e-01 8.9043e-01 8.9043e-01 3.9206e-01 9.0197e-01 7.0031e-01 8.9043e-01 6.3957e-01 4.8044e-01 7.5531e-01 3.7182e-01 7.1286e-01 7.6720e-01 7.5531e-01 8.7984e-01 7.0031e-01 7.5531e-01 3.9206e-01 7.6720e-01 7.5531e-01 7.6720e-01 1.3794e-01 3.7182e-01 7.1286e-01 2.4491e-01 7.6720e-01 3.9206e-01 7.6720e-01 6.6958e-01 7.1286e-01 9.2492e-02 3.7182e-01
-4.7172e-02 6.7136e-01 9.5791e-01 5.1935e-01 5.3798e-01 5.3798e-01 6.6887e-01 6.6887e-01 6.6887e-01 9.7896e-01 1.0000e+00 9.1280e-01 9.1280e-01 3.9206e-01 9.0197e-01 7.2678e-01 9.1280e-01 6.5677e-01 4.8044e-01 7.8027e-01 3.7182e-01 7.3975e-01 7.9251e-01 7.8027e-01 9.0197e-01 7.2678e-01 7.8027e-01 3.9206e-01 7.9251e-01 7.8027e-01 7.9251e-01 1.3794e-01 3.7182e-01 7.3975e-01 2.4491e-01 7.9251e-01 3.9206e-01 7.9251e-01 6.9788e-01 7.3975e-01 9.2492e-02 3.7182e-01
-5.9891e-02 5.1513e-01 8.6807e-01 5.5560e-01 5.7529e-01 5.7529e-01 7.1525e-01 7.1525e-01 7.1525e-01 8.9043e-01 9.1280e-01 1.0000e+00 1.0000e+00 4.6854e-01 9.8831e-01 8.0565e-01 1.0000e+00 7.2460e-01 5.5550e-01 8.6123e-01 4.4492e-01 8.1979e-01 8.7452e-01 8.6123e-01 9.8831e-01 8.0565e-01 8.6123e-01 4.6854e-01 8.7452e-01 8.6123e-01 8.7452e-01 1.4750e-01 4.4492e-01 8.1979e-01 2.8635e-01 8.7452e-01 4.6854e-01 8.7452e-01 7.7653e-01 8.1979e-01 9.9588e-02 4.4492e-01
-5.9891e-02 5.1513e-01 8.6807e-01 5.5560e-01 5.7529e-01 5.7529e-01 7.1525e-01 7.1525e-01 7.1525e-01 8.9043e-01 9.1280e-01 1.0000e+00 1.0000e+00 4.6854e-01 9.8831e-01 8.0565e-01 1.0000e+00 7.2460e-01 5.5550e-01 8.6123e-01 4.4492e-01 8.1979e-01 8.7452e-01 8.6123e-01 9.8831e-01 8.0565e-01 8.6123e-01 4.6854e-01 8.7452e-01 8.6123e-01 8.7452e-01 1.4750e-01 4.4492e-01 8.1979e-01 2.8635e-01 8.7452e-01 4.6854e-01 8.7452e-01 7.7653e-01 8.1979e-01 9.9588e-02 4.4492e-01
2.6409e-02 -1.7228e-02 3.9206e-01 6.7377e-02 7.0372e-02 7.0372e-02 5.8804e-01 5.8804e-01 5.8804e-01 3.9206e-01 3.9206e-01 4.6854e-01 4.6854e-01 1.0000e+00 4.6306e-01 5.6195e-01 4.6854e-01 3.4807e-01 8.4346e-01 5.2779e-01 9.5298e-01 5.7154e-01 5.3577e-01 5.2779e-01 4.6306e-01 5.6195e-01 5.2779e-01 1.0000e+00 5.3577e-01 5.2779e-01 5.3577e-01 3.1481e-01 9.5298e-01 5.7154e-01 3.1586e-01 5.3577e-01 1.0000e+00 5.3577e-01 6.0338e-01 5.7154e-01 2.2048e-01 9.5298e-01
-5.5931e-02 5.0881e-01 8.5772e-01 5.4907e-01 5.6856e-01 5.6856e-01 7.0689e-01 7.0689e-01 7.0689e-01 9.0197e-01 9.0197e-01 9.8831e-01 9.8831e-01 4.6306e-01 1.0000e+00 7.9620e-01 9.8831e-01 7.1549e-01 5.4901e-01 8.5113e-01 4.3967e-01 8.1021e-01 8.6430e-01 8.5113e-01 9.7674e-01 7.9620e-01 8.5113e-01 4.6306e-01 8.6430e-01 8.5113e-01 8.6430e-01 1.4578e-01 4.3967e-01 8.1021e-01 2.8178e-01 8.6430e-01 4.6306e-01 8.6430e-01 7.6746e-01 8.1021e-01 9.8313e-02 4.3967e-01
3.7168e-02 1.4122e-01 6.7385e-01 2.3352e-02 2.5565e-02 2.5565e-02 3.1911e-01 3.1911e-01 3.1911e-01 7.0031e-01 7.2678e-01 8.0565e-01 8.0565e-01 5.6195e-01 7.9620e-01 1.0000e+00 8.0565e-01 6.1939e-01 4.6985e-01 9.0781e-01 5.3437e-01 9.8324e-01 9.2157e-01 9.0781e-01 7.9620e-01 9.6672e-01 9.0781e-01 5.6195e-01 9.2157e-01 9.0781e-01 9.2157e-01 1.7691e-01 5.3437e-01 9.8324e-01 2.8274e-01 9.2157e-01 5.6195e-01 9.2157e-01 9.3135e-01 9.8324e-01 1.2119e-01 5.3437e-01
-5.9891e-02 5.1513e-01 8.6807e-01 5.5560e-01 5.7529e-01 5.7529e-01 7.1525e-01 7.1525e-01 7.1525e-01 8.9043e-01 9.1280e-01 1.0000e+00 1.0000e+00 4.6854e-01 9.8831e-01 8.0565e-01 1.0000e+00 7.2460e-01 5.5550e-01 8.6123e-01 4.4492e-01 8.1979e-01 8.7452e-01 8.6123e-01 9.8831e-01 8.0565e-01 8.6123e-01 4.6854e-01 8.7452e-01 8.6123e-01 8.7452e-01 1.4750e-01 4.4492e-01 8.1979e-01 2.8635e-01 8.7452e-01 4.6854e-01 8.7452e-01 7.7653e-01 8.1979e-01 9.9588e-02 4.4492e-01
-7.7626e-04 3.5268e-01 6.2237e-01 3.8184e-01 3.9652e-01 3.9652e-01 5.0633e-01 5.0633e-01 5.0633e-01 6.3957e-01 6.5677e-01 7.2460e-01 7.2460e-01 3.4807e-01 7.1549e-01 6.1939e-01 7.2460e-01 1.0000e+00 3.8075e-01 6.1869e-01 3.2929e-01 6.0900e-01 6.2898e-01 6.1869e-01 7.1549e-01 5.9776e-01 6.1869e-01 3.4807e-01 6.2898e-01 6.1869e-01 6.2898e-01 1.0958e-01 3.2929e-01 6.0900e-01 1.9417e-01 6.2898e-01 3.4807e-01 6.2898e-01 5.7687e-01 6.0900e-01 7.1109e-02 3.2929e-01
-8.5575e-03 1.8242e-01 4.8044e-01 3.2405e-01 3.3548e-01 3.3548e-01 7.1988e-01 7.1988e-01 7.1988e-01 4.8044e-01 4.8044e-01 5.5550e-01 5.5550e-01 8.4346e-01 5.4901e-01 4.6985e-01 5.5550e-01 3.8075e-01 1.0000e+00 6.2574e-01 8.0348e-01 4.7807e-01 6.3520e-01 6.2574e-01 5.4901e-01 4.6985e-01 6.2574e-01 8.4346e-01 6.3520e-01 6.2574e-01 6.3520e-01 2.6553e-01 8.0348e-01 4.7807e-01 3.7448e-01 6.3520e-01 8.4346e-01 6.3520e-01 5.0534e-01 4.7807e-01 1.8521e-01 8.0348e-01
3.7005e-03 2.5912e-01 7.3036e-01 1.9270e-01 2.0047e-01 2.0047e-01 4.4279e-01 4.4279e-01 4.4279e-01 7.5531e-01 7.8027e-01 8.6123e-01 8.6123e-01 5.2779e-01 8.5113e-01 9.0781e-01 8.6123e-01 6.1869e-01 6.2574e-01 1.0000e+00 5.5382e-01 9.2345e-01 9.8510e-01 9.7040e-01 8.7737e-01 9.3920e-01 1.0000e+00 5.2779e-01 9.8510e-01 1.0000e+00 9.8510e-01 1.6615e-01 5.5382e-01 9.2345e-01 3.3503e-01 9.8510e-01 5.2779e-01 9.8510e-01 8.7472e-01 9.2345e-01 1.1332e-01 5.5382e-01
1.1381e-02 -1.8078e-02 3.7182e-01 6.3061e-02 6.5957e-02 6.5957e-02 5.5949e-01 5.5949e-01 5.5949e-01 3.7182e-01 3.7182e-01 4.4492e-01 4.4492e-01 9.5298e-01 4.3967e-01 5.3437e-01 4.4492e-01 3.2929e-01 8.0348e-01 5.5382e-01 1.0000e+00 5.4354e-01 5.0930e-01 5.0166e-01 4.8591e-01 5.8968e-01 5.5382e-01 9.5298e-01 5.0930e-01 5.5382e-01 5.0930e-01 3.0001e-01 1.0000e+00 5.4354e-01 2.9828e-01 5.0930e-01 9.5298e-01 5.0930e-01 5.7400e-01 5.4354e-01 2.0990e-01 1.0000e+00
3.3727e-02 1.4448e-01 6.8597e-01 2.4467e-02 2.6692e-02 2.6692e-02 3.2511e-01 3.2511e-01 3.2511e-01 7.1286e-01 7.3975e-01 8.1979e-01 8.1979e-01 5.7154e-01 8.1021e-01 9.8324e-01 8.1979e-01 6.0900e-01 4.7807e-01 9.2345e-01 5.4354e-01 1.0000e+00 9.3741e-01 9.2345e-01 8.1021e-01 9.8324e-01 9.2345e-01 5.7154e-01 9.3741e-01 9.2345e-01 9.3741e-01 1.7993e-01 5.4354e-01 1.0000e+00 2.8911e-01 9.3741e-01 5.7154e-01 9.3741e-01 9.4723e-01 1.0000e+00 1.2339e-01 5.4354e-01
1.1701e-02 2.6371e-01 7.4189e-01 1.9611e-01 2.0397e-01 2.0397e-01 4.4986e-01 4.4986e-01 4.4986e-01 7.6720e-01 7.9251e-01 8.7452e-01 8.7452e-01 5.3577e-01 8.6430e-01 9.2157e-01 8.7452e-01 6.2898e-01 6.3520e-01 9.8510e-01 5.0930e-01 9.3741e-01 1.0000e+00 9.8510e-01 8.6430e-01 9.2157e-01 9.8510e-01 5.3577e-01 1.0000e+00 9.8510e-01 1.0000e+00 1.6867e-01 5.0930e-01 9.3741e-01 3.4149e-01 1.0000e+00 5.3577e-01 1.0000e+00 8.8795e-01 9.3741e-01 1.1516e-01 5.0930e-01
3.7005e-03 2.5912e-01 7.3036e-01 1.9270e-01 2.0047e-01 2.0047e-01 4.4279e-01 4.4279e-01 4.4279e-01 7.5531e-01 7.8027e-01 8.6123e-01 8.6123e-01 5.2779e-01 8.5113e-01 9.0781e-01 8.6123e-01 6.1869e-01 6.2574e-01 9.7040e-01 5.0166e-01 9.2345e-01 9.8510e-01 1.0000e+00 8.5113e-01 9.0781e-01 9.7040e-01 5.2779e-01 9.8510e-01 9.7040e-01 9.8510e-01 1.6615e-01 5.0166e-01 9.2345e-01 3.3503e-01 9.8510e-01 5.2779e-01 9.8510e-01 8.7472e-01 9.2345e-01 1.1332e-01 5.0166e-01
-6.6200e-02 5.0881e-01 8.5772e-01 5.4907e-01 5.6856e-01 5.6856e-01 7.0689e-01 7.0689e-01 7.0689e-01 8.7984e-01 9.0197e-01 9.8831e-01 9.8831e-01 4.6306e-01 9.7674e-01 7.9620e-01 9.8831e-01 7.1549e-01 5.4901e-01 8.7737e-01 4.8591e-01 8.1021e-01 8.6430e-01 8.5113e-01 1.0000e+00 8.2403e-01 8.7737e-01 4.6306e-01 8.6430e-01 8.7737e-01 8.6430e-01 1.4578e-01 4.8591e-01 8.1021e-01 2.8178e-01 8.6430e-01 4.6306e-01 8.6430e-01 7.6746e-01 8.1021e-01 9.8313e-02 4.8591e-01
2.4884e-02 1.4122e-01 6.7385e-01 2.3352e-02 2.5565e-02 2.5565e-02 3.1911e-01 3.1911e-01 3.1911e-01 7.0031e-01 7.2678e-01 8.0565e-01 8.0565e-01 5.6195e-01 7.9620e-01 9.6672e-01 8.0565e-01 5.9776e-01 4.6985e-01 9.3920e-01 5.8968e-01 9.8324e-01 9.2157e-01 9.0781e-01 8.2403e-01 1.0000e+00 9.3920e-01 5.6195e-01 9.2157e-01 9.3920e-01 9.2157e-01 1.7691e-01 5.8968e-01 9.8324e-01 2.8274e-01 9.2157e-01 5.6195e-01 9.2157e-01 9.3135e-01 9.8324e-01 1.2119e-01 5.8968e-01
3.7005e-03 2.5912e-01 7.3036e-01 1.9270e-01 2.0047e-01 2.0047e-01 4.4279e-01 4.4279e-01 4.4279e-01 7.5531e-01 7.8027e-01 8.6123e-01 8.6123e-01 5.2779e-01 8.5113e-01 9.0781e-01 8.6123e-01 6.1869e-01 6.2574e-01 1.0000e+00 5.5382e-01 9.2345e-01 9.8510e-01 9.7040e-01 8.7737e-01 9.3920e-01 1.0000e+00 5.2779e-01 9.8510e-01 1.0000e+00 9.8510e-01 1.6615e-01 5.5382e-01 9.2345e-01 3.3503e-01 9.8510e-01 5.2779e-01 9.8510e-01 8.7472e-01 9.2345e-01 1.1332e-01 5.5382e-01
2.6409e-02 -1.7228e-02 3.9206e-01 6.7377e-02 7.0372e-02 7.0372e-02 5.8804e-01 5.8804e-01 5.8804e-01 3.9206e-01 3.9206e-01 4.6854e-01 4.6854e-01 1.0000e+00 4.6306e-01 5.6195e-01 4.6854e-01 3.4807e-01 8.4346e-01 5.2779e-01 9.5298e-01 5.7154e-01 5.3577e-01 5.2779e-01 4.6306e-01 5.6195e-01 5.2779e-01 1.0000e+00 5.3577e-01 5.2779e-01 5.3577e-01 3.1481e-01 9.5298e-01 5.7154e-01 3.1586e-01 5.3577e-01 1.0000e+00 5.3577e-01 6.0338e-01 5.7154e-01 2.2048e-01 9.5298e-01
1.1701e-02 2.6371e-01 7.4189e-01 1.9611e-01 2.0397e-01 2.0397e-01 4.4986e-01 4.4986e-01 4.4986e-01 7.6720e-01 7.9251e-01 8.7452e-01 8.7452e-01 5.3577e-01 8.6430e-01 9.2157e-01 8.7452e-01 6.2898e-01 6.3520e-01 9.8510e-01 5.0930e-01 9.3741e-01 1.0000e+00 9.8510e-01 8.6430e-01 9.2157e-01 9.8510e-01 5.3577e-01 1.0000e+00 9.8510e-01 1.0000e+00 1.6867e-01 5.0930e-01 9.3741e-01 3.4149e-01 1.0000e+00 5.3577e-01 1.0000e+00 8.8795e-01 9.3741e-01 1.1516e-01 5.0930e-01
3.7005e-03 2.5912e-01 7.3036e-01 1.9270e-01 2.0047e-01 2.0047e-01 4.4279e-01 4.4279e-01 4.4279e-01 7.5531e-01 7.8027e-01 8.6123e-01 8.6123e-01 5.2779e-01 8.5113e-01 9.0781e-01 8.6123e-01 6.1869e-01 6.2574e-01 1.0000e+00 5.5382e-01 9.2345e-01 9.8510e-01 9.7040e-01 8.7737e-01 9.3920e-01 1.0000e+00 5.2779e-01 9.8510e-01 1.0000e+00 9.8510e-01 1.6615e-01 5.5382e-01 9.2345e-01 3.3503e-01 9.8510e-01 5.2779e-01 9.8510e-01 8.7472e-01 9.2345e-01 1.1332e-01 5.5382e-01
1.1701e-02 2.6371e-01 7.4189e-01 1.9611e-01 2.0397e-01 2.0397e-01 4.4986e-01 4.4986e-01 4.4986e-01 7.6720e-01 7.9251e-01 8.7452e-01 8.7452e-01 5.3577e-01 8.6430e-01 9.2157e-01 8.7452e-01 6.2898e-01 6.3520e-01 9.8510e-01 5.0930e-01 9.3741e-01 1.0000e+00 9.8510e-01 8.6430e-01 9.2157e-01 9.8510e-01 5.3577e-01 1.0000e+00 9.8510e-01 1.0000e+00 1.6867e-01 5.0930e-01 9.3741e-01 3.4149e-01 1.0000e+00 5.3577e-01 1.0000e+00 8.8795e-01 9.3741e-01 1.1516e-01 5.0930e-01
-4.5579e-02 -5.4237e-03 1.3794e-01 2.4813e-01 2.5640e-01 2.5640e-01 2.0622e-01 2.0622e-01 2.0622e-01 1.3794e-01 1.3794e-01 1.4750e-01 1.4750e-01 3.1481e-01 1.4578e-01 1.7691e-01 1.4750e-01 1.0958e-01 2.6553e-01 1.6615e-01 3.0001e-01 1.7993e-01 1.6867e-01 1.6615e-01 1.4578e-01 1.7691e-01 1.6615e-01 3.1481e-01 1.6867e-01 1.6615e-01 1.6867e-01 1.0000e+00 3.0001e-01 1.7993e-01 9.9435e-02 1.6867e-01 3.1481e-01 1.6867e-01 1.8995e-01 1.7993e-01 7.0676e-01 3.0001e-01
1.1381e-02 -1.8078e-02 3.7182e-01 6.3061e-02 6.5957e-02 6.5957e-02 5.5949e-01 5.5949e-01 5.5949e-01 3.7182e-01 3.7182e-01 4.4492e-01 4.4492e-01 9.5298e-01 4.3967e-01 5.3437e-01 4.4492e-01 3.2929e-01 8.0348e-01 5.5382e-01 1.0000e+00 5.4354e-01 5.0930e-01 5.0166e-01 4.8591e-01 5.8968e-01 5.5382e-01 9.5298e-01 5.0930e-01 5.5382e-01 5.0930e-01 3.0001e-01 1.0000e+00 5.4354e-01 2.9828e-01 5.0930e-01 9.5298e-01 5.0930e-01 5.7400e-01 5.4354e-01 2.0990e-01 1.0000e+00
3.3727e-02 1.4448e-01 6.8597e-01 2.4467e-02 2.6692e-02 2.6692e-02 3.2511e-01 3.2511e-01 3.2511e-01 7.1286e-01 7.3975e-01 8.1979e-01 8.1979e-01 5.7154e-01 8.1021e-01 9.8324e-01 8.1979e-01 6.0900e-01 4.7807e-01 9.2345e-01 5.4354e-01 1.0000e+00 9.3741e-01 9.2345e-01 8.1021e-01 9.8324e-01 9.2345e-01 5.7154e-01 9.3741e-01 9.2345e-01 9.3741e-01 1.7993e-01 5.4354e-01 1.0000e+00 2.8911e-01 9.3741e-01 5.7154e-01 9.3741e-01 9.4723e-01 1.0000e+00 1.2339e-01 5.4354e-01
-6.0724e-02 4.8493e-02 2.4491e-01 9.7559e-02 1.0330e-01 1.0330e-01 2.5148e-01 2.5148e-01 2.5148e-01 2.4491e-01 2.4491e-01 2.8635e-01 2.8635e-01 3.1586e-01 2.8178e-01 2.8274e-01 2.8635e-01 1.9417e-01 3.7448e-01 3.3503e-01 2.9828e-01 2.8911e-01 3.4149e-01 3.3503e-01 2.8178e-01 2.8274e-01 3.3503e-01 3.1586e-01 3.4149e-01 3.3503e-01 3.4149e-01 9.9435e-02 2.9828e-01 2.8911e-01 1.0000e+00 3.4149e-01 3.1586e-01 3.4149e-01 3.1013e-01 2.8911e-01 6.3281e-02 2.9828e-01
1.1701e-02 2.6371e-01 7.4189e-01 1.9611e-01 2.0397e-01 2.0397e-01 4.4986e-01 4.4986e-01 4.4986e-01 7.6720e-01 7.9251e-01 8.7452e-01 8.7452e-01 5.3577e-01 8.6430e-01 9.2157e-01 8.7452e-01 6.2898e-01 6.3520e-01 9.8510e-01 5.0930e-01 9.3741e-01 1.0000e+00 9.8510e-01 8.6430e-01 9.2157e-01 9.8510e-01 5.3577e-01 1.0000e+00 9.8510e-01 1.0000e+00 1.6867e-01 5.0930e-01 9.3741e-01 3.4149e-01 1.0000e+00 5.3577e-01 1.0000e+00 8.8795e-01 9.3741e-01 1.1516e-01 5.0930e-01
2.6409e-02 -1.7228e-02 3.9206e-01 6.7377e-02 7.0372e-02 7.0372e-02 5.8804e-01 5.8804e-01 5.8804e-01 3.9206e-01 3.9206e-01 4.6854e-01 4.6854e-01 1.0000e+00 4.6306e-01 5.6195e-01 4.6854e-01 3.4807e-01 8.4346e-01 5.2779e-01 9.5298e-01 5.7154e-01 5.3577e-01 5.2779e-01 4.6306e-01 5.6195e-01 5.2779e-01 1.0000e+00 5.3577e-01 5.2779e-01 5.3577e-01 3.1481e-01 9.5298e-01 5.7154e-01 3.1586e-01 5.3577e-01 1.0000e+00 5.3577e-01 6.0338e-01 5.7154e-01 2.2048e-01 9.5298e-01
1.1701e-02 2.6371e-01 7.4189e-01 1.9611e-01 2.0397e-01 2.0397e-01 4.4986e-01 4.4986e-01 4.4986e-01 7.6720e-01 7.9251e-01 8.7452e-01 8.7452e-01 5.3577e-01 8.6430e-01 9.2157e-01 8.7452e-01 6.2898e-01 6.3520e-01 9.8510e-01 5.0930e-01 9.3741e-01 1.0000e+00 9.8510e-01 8.6430e-01 9.2157e-01 9.8510e-01 5.3577e-01 1.0000e+00 9.8510e-01 1.0000e+00 1.6867e-01 5.0930e-01 9.3741e-01 3.4149e-01 1.0000e+00 5.3577e-01 1.0000e+00 8.8795e-01 9.3741e-01 1.1516e-01 5.0930e-01
2.2752e-02 4.4963e-02 6.4128e-01 2.8092e-02 3.0359e-02 3.0359e-02 3.4499e-01 3.4499e-01 3.4499e-01 6.6958e-01 6.9788e-01 7.7653e-01 7.7653e-01 6.0338e-01 7.6746e-01 9.3135e-01 7.7653e-01 5.7687e-01 5.0534e-01 8.7472e-01 5.7400e-01 9.4723e-01 8.8795e-01 8.7472e-01 7.6746e-01 9.3135e-01 8.7472e-01 6.0338e-01 8.8795e-01 8.7472e-01 8.8795e-01 1.8995e-01 5.7400e-01 9.4723e-01 3.1013e-01 8.8795e-01 6.0338e-01 8.8795e-01 1.0000e+00 9.4723e-01 1.3068e-01 5.7400e-01
3.3727e-02 1.4448e-01 6.8597e-01 2.4467e-02 2.6692e-02 2.6692e-02 3.2511e-01 3.2511e-01 3.2511e-01 7.1286e-01 7.3975e-01 8.1979e-01 8.1979e-01 5.7154e-01 8.1021e-01 9.8324e-01 8.1979e-01 6.0900e-01 4.7807e-01 9.2345e-01 5.4354e-01 1.0000e+00 9.3741e-01 9.2345e-01 8.1021e-01 9.8324e-01 9.2345e-01 5.7154e-01 9.3741e-01 9.2345e-01 9.3741e-01 1.7993e-01 5.4354e-01 1.0000e+00 2.8911e-01 9.3741e-01 5.7154e-01 9.3741e-01 9.4723e-01 1.0000e+00 1.2339e-01 5.4354e-01
-1.6832e-02 -7.6740e-03 9.2492e-02 1.7271e-01 1.7865e-01 1.7865e-01 1.4249e-01 1.4249e-01 1.4249e-01 9.2492e-02 9.2492e-02 9.9588e-02 9.9588e-02 2.2048e-01 9.8313e-02 1.2119e-01 9.9588e-02 7.1109e-02 1.8521e-01 1.1332e-01 2.0990e-01 1.2339e-01 1.1516e-01 1.1332e-01 9.8313e-02 1.2119e-01 1.1332e-01 2.2048e-01 1.1516e-01 1.1332e-01 1.1516e-01 7.0676e-01 2.0990e-01 1.2339e-01 6.3281e-02 1.1516e-01 2.2048e-01 1.1516e-01 1.3068e-01 1.2339e-01 1.0000e+00 2.0990e-01
1.1381e-02 -1.8078e-02 3.7182e-01 6.3061e-02 6.5957e-02 6.5957e-02 5.5949e-01 5.5949e-01 5.5949e-01 3.7182e-01 3.7182e-01 4.4492e-01 4.4492e-01 9.5298e-01 4.3967e-01 5.3437e-01 4.4492e-01 3.2929e-01 8.0348e-01 5.5382e-01 1.0000e+00 5.4354e-01 5.0930e-01 5.0166e-01 4.8591e-01 5.8968e-01 5.5382e-01 9.5298e-01 5.0930e-01 5.5382e-01 5.0930e-01 3.0001e-01 1.0000e+00 5.4354e-01 2.9828e-01 5.0930e-01 9.5298e-01 5.0930e-01 5.7400e-01 5.4354e-01 2.0990e-01 1.0000e+00
