1.0000e+00 7.0993e-02 4.8962e-01 2.8521e-01 2.7862e-01 2.9383e-01 3.8435e-01 3.6436e-01 3.8392e-01 4.8887e-01 4.9078e-01 5.1167e-01 4.9078e-01 3.7469e-01 4.8871e-01 4.9636e-01 4.7918e-01 4.8570e-01 3.5767e-01 4.7728e-01 3.8392e-01 4.8299e-01 4.7918e-01 4.7728e-01 4.7918e-01 4.8299e-01 4.7918e-01 3.8392e-01 4.7728e-01 4.7539e-01 4.7539e-01 2.6737e-01 3.6555e-01 4.5638e-01 2.0868e-01 4.5446e-01 3.6749e-01 4.5830e-01 4.6022e-01 4.6215e-01 2.7013e-01 3.6555e-01
7.0993e-02 1.0000e+00 1.3697e-01 -2.4197e-01 -2.1131e-01 -2.3677e-01 -2.6729e-01 -1.5716e-01 -2.6318e-01 1.3385e-01 1.3477e-01 1.3818e-01 1.3477e-01 -1.6902e-01 1.3046e-01 1.1844e-01 1.2586e-01 8.1472e-02 -1.7072e-01 1.2494e-01 -2.8567e-01 1.1723e-01 1.2586e-01 1.2494e-01 1.2586e-01 1.1723e-01 1.2586e-01 -2.8567e-01 1.3017e-01 1.3449e-01 1.3449e-01 -2.2093e-01 -2.5617e-01 9.4109e-02 1.3594e-02 1.0366e-01 -2.5691e-01 1.0550e-01 9.5955e-02 9.6878e-02 -2.2019e-01 -2.5617e-01
4.8962e-01 1.3697e-01 1.0000e+00 5.9154e-01 5.9000e-01 5.8080e-01 6.7537e-01 7.2130e-01 6.7423e-01 9.6036e-01 9.5840e-01 9.2948e-01 9.5840e-01 7.0199e-01 9.5645e-01 9.4867e-01 9.4637e-01 9.1165e-01 6.8434e-01 9.4436e-01 6.3578e-01 9.4244e-01 9.4637e-01 9.4436e-01 9.4637e-01 9.4244e-01 9.4637e-01 6.3578e-01 9.4436e-01 9.4236e-01 9.4236e-01 5.1269e-01 5.8022e-01 9.0900e-01 5.1003e-01 9.1094e-01 5.8182e-01 9.1503e-01 9.1310e-01 9.1118e-01 5.1113e-01 5.8022e-01
2.8521e-01 -2.4197e-01 5.9154e-01 1.0000e+00 9.6625e-01 9.8185e-01 8.3126e-01 7.7234e-01 8.2733e-01 5.4652e-01 5.4771e-01 5.0680e-01 5.4771e-01 7.4670e-01 5.4891e-01 5.4463e-01 5.4295e-01 5.4895e-01 7.5276e-01 5.4176e-01 7.9805e-01 5.3624e-01 5.4295e-01 5.4176e-01 5.4295e-01 5.3624e-01 5.4295e-01 7.9805e-01 5.4176e-01 5.4058e-01 5.4058e-01 8.7203e-01 6.9808e-01 5.4705e-01 5.8444e-01 5.5493e-01 7.0108e-01 5.5735e-01 5.4948e-01 5.5069e-01 8.5275e-01 7.0311e-01
2.7862e-01 -2.1131e-01 5.9000e-01 9.6625e-01 1.0000e+00 9.8440e-01 8.3384e-01 8.0368e-01 8.2992e-01 5.7672e-01 5.7792e-01 5.3691e-01 5.7792e-01 7.7798e-01 5.7911e-01 5.7482e-01 5.7316e-01 5.7912e-01 7.8402e-01 5.7198e-01 8.0060e-01 5.6644e-01 5.7316e-01 5.7198e-01 5.7316e-01 5.6644e-01 5.7316e-01 8.0060e-01 5.7198e-01 5.7080e-01 5.7080e-01 8.7431e-01 7.0039e-01 5.7723e-01 5.8695e-01 5.8512e-01 7.0340e-01 5.8754e-01 5.7966e-01 5.8087e-01 8.5501e-01 7.0543e-01
2.9383e-01 -2.3677e-01 5.8080e-01 9.8185e-01 9.8440e-01 1.0000e+00 8.4963e-01 7.9092e-01 8.4572e-01 5.6720e-01 5.6837e-01 5.2663e-01 5.6837e-01 7.6507e-01 5.6955e-01 5.6511e-01 5.6369e-01 5.6913e-01 7.7124e-01 5.6252e-01 8.1618e-01 5.5686e-01 5.6369e-01 5.6252e-01 5.6369e-01 5.5686e-01 5.6369e-01 8.1618e-01 5.6252e-01 5.6136e-01 5.6136e-01 8.8825e-01 7.1451e-01 5.6749e-01 6.0221e-01 5.7546e-01 7.1755e-01 5.7785e-01 5.6987e-01 5.7107e-01 8.6878e-01 7.1958e-01
3.8435e-01 -2.6729e-01 6.7537e-01 8.3126e-01 8.3384e-01 8.4963e-01 1.0000e+00 9.3231e-01 9.9541e-01 6.7342e-01 6.7480e-01 6.4005e-01 6.7480e-01 9.0775e-01 6.7617e-01 6.7315e-01 6.6932e-01 6.7146e-01 8.9919e-01 6.6795e-01 9.5403e-01 6.6349e-01 6.6932e-01 6.6795e-01 6.6932e-01 6.6349e-01 6.6932e-01 9.5403e-01 6.6795e-01 6.6659e-01 6.6659e-01 7.6340e-01 8.6984e-01 6.7165e-01 6.0137e-01 6.7882e-01 8.7218e-01 6.8161e-01 6.7444e-01 6.7585e-01 7.6112e-01 8.7458e-01
3.6436e-01 -1.5716e-01 7.2130e-01 7.7234e-01 8.0368e-01 7.9092e-01 9.3231e-01 1.0000e+00 9.3214e-01 7.2038e-01 7.2184e-01 6.8974e-01 7.2184e-01 9.7139e-01 7.2331e-01 7.2085e-01 7.1599e-01 6.7029e-01 9.5826e-01 7.1454e-01 8.9167e-01 7.1054e-01 7.1599e-01 7.1454e-01 7.1599e-01 7.1054e-01 7.1599e-01 8.9167e-01 7.1454e-01 7.1309e-01 7.1309e-01 7.0984e-01 8.1234e-01 7.1963e-01 6.0991e-01 7.2652e-01 8.1453e-01 7.2950e-01 7.2261e-01 7.2411e-01 7.0770e-01 8.1698e-01
3.8392e-01 -2.6318e-01 6.7423e-01 8.2733e-01 8.2992e-01 8.4572e-01 9.9541e-01 9.3214e-01 1.0000e+00 6.7664e-01 6.7802e-01 6.4346e-01 6.7802e-01 9.1210e-01 6.7940e-01 6.7641e-01 6.7251e-01 6.7483e-01 8.9904e-01 6.7114e-01 9.5410e-01 6.6671e-01 6.7251e-01 6.7114e-01 6.7251e-01 6.6671e-01 6.7251e-01 9.5410e-01 6.7114e-01 6.6977e-01 6.6977e-01 7.6509e-01 8.7040e-01 6.7493e-01 6.0584e-01 6.8208e-01 8.7272e-01 6.8489e-01 6.7774e-01 6.7915e-01 7.6283e-01 8.7513e-01
4.8887e-01 1.3385e-01 9.6036e-01 5.4652e-01 5.7672e-01 5.6720e-01 6.7342e-01 7.2038e-01 6.7664e-01 1.0000e+00 9.9801e-01 9.6865e-01 9.9801e-01 7.3874e-01 9.9603e-01 9.8814e-01 9.8610e-01 9.5080e-01 7.2111e-01 9.8412e-01 6.7236e-01 9.8210e-01 9.8610e-01 9.8412e-01 9.8610e-01 9.8210e-01 9.8610e-01 6.7236e-01 9.8412e-01 9.8215e-01 9.8215e-01 5.3077e-01 6.1678e-01 9.4840e-01 5.1840e-01 9.5036e-01 6.1838e-01 9.5440e-01 9.5244e-01 9.5049e-01 5.2920e-01 6.1678e-01
4.9078e-01 1.3477e-01 9.5840e-01 5.4771e-01 5.7792e-01 5.6837e-01 6.7480e-01 7.2184e-01 6.7802e-01 9.9801e-01 1.0000e+00 9.7058e-01 1.0000e+00 7.4021e-01 9.9801e-01 9.9010e-01 9.8412e-01 9.4874e-01 7.2259e-01 9.8215e-01 6.7374e-01 9.8012e-01 9.8412e-01 9.8215e-01 9.8412e-01 9.8012e-01 9.8412e-01 6.7374e-01 9.8215e-01 9.8019e-01 9.8019e-01 5.3182e-01 6.1806e-01 9.4638e-01 5.1997e-01 9.5232e-01 6.1966e-01 9.5635e-01 9.5041e-01 9.5244e-01 5.3025e-01 6.1806e-01
5.1167e-01 1.3818e-01 9.2948e-01 5.0680e-01 5.3691e-01 5.2663e-01 6.4005e-01 6.8974e-01 6.4346e-01 9.6865e-01 9.7058e-01 1.0000e+00 9.7058e-01 7.0821e-01 9.6853e-01 9.6037e-01 9.5493e-01 9.1828e-01 6.9073e-01 9.5302e-01 6.3918e-01 9.5080e-01 9.5493e-01 9.5302e-01 9.5493e-01 9.5080e-01 9.5493e-01 6.3918e-01 9.5302e-01 9.5111e-01 9.5111e-01 4.8482e-01 5.8026e-01 9.1648e-01 4.8629e-01 9.2249e-01 5.8197e-01 9.2640e-01 9.2039e-01 9.2236e-01 4.8309e-01 5.8026e-01
4.9078e-01 1.3477e-01 9.5840e-01 5.4771e-01 5.7792e-01 5.6837e-01 6.7480e-01 7.2184e-01 6.7802e-01 9.9801e-01 1.0000e+00 9.7058e-01 1.0000e+00 7.4021e-01 9.9801e-01 9.9010e-01 9.8412e-01 9.4874e-01 7.2259e-01 9.8215e-01 6.7374e-01 9.8012e-01 9.8412e-01 9.8215e-01 9.8412e-01 9.8012e-01 9.8412e-01 6.7374e-01 9.8215e-01 9.8019e-01 9.8019e-01 5.3182e-01 6.1806e-01 9.4638e-01 5.1997e-01 9.5232e-01 6.1966e-01 9.5635e-01 9.5041e-01 9.5244e-01 5.3025e-01 6.1806e-01
3.7469e-01 -1.6902e-01 7.0199e-01 7.4670e-01 7.7798e-01 7.6507e-01 9.0775e-01 9.7139e-01 9.1210e-01 7.3874e-01 7.4021e-01 7.0821e-01 7.4021e-01 1.0000e+00 7.4169e-01 7.4761e-01 7.3435e-01 6.9298e-01 9.7365e-01 7.3289e-01 9.1659e-01 7.3728e-01 7.3435e-01 7.3289e-01 7.3435e-01 7.3728e-01 7.3435e-01 9.1659e-01 7.3289e-01 7.3143e-01 7.3143e-01 7.1847e-01 8.4289e-01 7.4641e-01 5.9923e-01 7.4492e-01 8.4504e-01 7.4791e-01 7.4940e-01 7.5091e-01 7.1635e-01 8.4289e-01
4.8871e-01 1.3046e-01 9.5645e-01 5.4891e-01 5.7911e-01 5.6955e-01 6.7617e-01 7.2331e-01 6.7940e-01 9.9603e-01 9.9801e-01 9.6853e-01 9.9801e-01 7.4169e-01 1.0000e+00 9.9207e-01 9.8613e-01 9.5067e-01 7.2406e-01 9.8416e-01 6.7513e-01 9.8212e-01 9.8613e-01 9.8416e-01 9.8613e-01 9.8212e-01 9.8613e-01 6.7513e-01 9.8416e-01 9.8220e-01 9.8220e-01 5.3288e-01 6.1934e-01 9.4834e-01 5.2154e-01 9.5429e-01 6.2095e-01 9.5831e-01 9.5237e-01 9.5439e-01 5.3130e-01 6.1934e-01
4.9636e-01 1.1844e-01 9.4867e-01 5.4463e-01 5.7482e-01 5.6511e-01 6.7315e-01 7.2085e-01 6.7641e-01 9.8814e-01 9.9010e-01 9.6037e-01 9.9010e-01 7.4761e-01 9.9207e-01 1.0000e+00 9.7828e-01 9.4647e-01 7.2166e-01 9.7633e-01 6.8069e-01 9.8219e-01 9.7828e-01 9.7633e-01 9.7828e-01 9.8219e-01 9.7828e-01 6.8069e-01 9.7633e-01 9.7438e-01 9.7438e-01 5.3714e-01 6.2450e-01 9.4827e-01 5.1144e-01 9.4627e-01 6.2611e-01 9.5026e-01 9.5226e-01 9.5427e-01 5.3555e-01 6.2450e-01
4.7918e-01 1.2586e-01 9.4637e-01 5.4295e-01 5.7316e-01 5.6369e-01 6.6932e-01 7.1599e-01 6.7251e-01 9.8610e-01 9.8412e-01 9.5493e-01 9.8412e-01 7.3435e-01 9.8613e-01 9.7828e-01 1.0000e+00 9.4903e-01 7.3758e-01 9.9801e-01 6.8960e-01 9.9603e-01 1.0000e+00 9.9801e-01 1.0000e+00 9.9603e-01 1.0000e+00 6.8960e-01 9.9801e-01 9.9603e-01 9.9603e-01 5.2761e-01 6.3497e-01 9.6244e-01 5.3421e-01 9.6439e-01 6.3654e-01 9.6845e-01 9.6651e-01 9.6457e-01 5.2605e-01 6.3497e-01
4.8570e-01 8.1472e-02 9.1165e-01 5.4895e-01 5.7912e-01 5.6913e-01 6.7146e-01 6.7029e-01 6.7483e-01 9.5080e-01 9.4874e-01 9.1828e-01 9.4874e-01 6.9298e-01 9.5067e-01 9.4647e-01 9.4903e-01 1.0000e+00 6.7971e-01 9.4712e-01 6.7910e-01 9.4888e-01 9.4903e-01 9.4712e-01 9.4903e-01 9.4888e-01 9.4903e-01 6.7910e-01 9.4712e-01 9.4522e-01 9.4522e-01 5.4418e-01 6.3007e-01 9.1849e-01 4.9200e-01 9.1655e-01 6.3173e-01 9.2045e-01 9.2240e-01 9.2038e-01 5.4255e-01 6.3007e-01
3.5767e-01 -1.7072e-01 6.8434e-01 7.5276e-01 7.8402e-01 7.7124e-01 8.9919e-01 9.5826e-01 8.9904e-01 7.2111e-01 7.2259e-01 6.9073e-01 7.2259e-01 9.7365e-01 7.2406e-01 7.2166e-01 7.3758e-01 6.7971e-01 1.0000e+00 7.3612e-01 9.3495e-01 7.3217e-01 7.3758e-01 7.3612e-01 7.3758e-01 7.3217e-01 7.3758e-01 9.3495e-01 7.3612e-01 7.3466e-01 7.3466e-01 7.1532e-01 8.5761e-01 7.4136e-01 6.0378e-01 7.4822e-01 8.5973e-01 7.5122e-01 7.4437e-01 7.4588e-01 7.1320e-01 8.6223e-01
4.7728e-01 1.2494e-01 9.4436e-01 5.4176e-01 5.7198e-01 5.6252e-01 6.6795e-01 7.1454e-01 6.7114e-01 9.8412e-01 9.8215e-01 9.5302e-01 9.8215e-01 7.3289e-01 9.8416e-01 9.7633e-01 9.9801e-01 9.4712e-01 7.3612e-01 1.0000e+00 6.8823e-01 9.9405e-01 9.9801e-01 9.9602e-01 9.9801e-01 9.9405e-01 9.9801e-01 6.8823e-01 9.9602e-01 9.9404e-01 9.9404e-01 5.2656e-01 6.3370e-01 9.6050e-01 5.3265e-01 9.6245e-01 6.3526e-01 9.6651e-01 9.6458e-01 9.6264e-01 5.2500e-01 6.3370e-01
3.8392e-01 -2.8567e-01 6.3578e-01 7.9805e-01 8.0060e-01 8.1618e-01 9.5403e-01 8.9167e-01 9.5410e-01 6.7236e-01 6.7374e-01 6.3918e-01 6.7374e-01 9.1659e-01 6.7513e-01 6.8069e-01 6.8960e-01 6.7910e-01 9.3495e-01 6.8823e-01 1.0000e+00 6.9235e-01 6.8960e-01 6.8823e-01 6.8960e-01 6.9235e-01 6.8960e-01 1.0000e+00 6.8823e-01 6.8686e-01 6.8686e-01 7.6509e-01 9.1771e-01 7.0058e-01 5.8822e-01 6.9918e-01 9.1998e-01 7.0199e-01 7.0339e-01 7.0480e-01 7.6283e-01 9.2244e-01
4.8299e-01 1.1723e-01 9.4244e-01 5.3624e-01 5.6644e-01 5.5686e-01 6.6349e-01 7.1054e-01 6.6671e-01 9.8210e-01 9.8012e-01 9.5080e-01 9.8012e-01 7.3728e-01 9.8212e-01 9.8219e-01 9.9603e-01 9.4888e-01 7.3217e-01 9.9405e-01 6.9235e-01 1.0000e+00 9.9603e-01 9.9405e-01 9.9603e-01 1.0000e+00 9.9603e-01 6.9235e-01 9.9405e-01 9.9208e-01 9.9208e-01 5.2971e-01 6.3752e-01 9.6634e-01 5.2914e-01 9.6034e-01 6.3909e-01 9.6439e-01 9.7039e-01 9.6845e-01 5.2814e-01 6.3752e-01
4.7918e-01 1.2586e-01 9.4637e-01 5.4295e-01 5.7316e-01 5.6369e-01 6.6932e-01 7.1599e-01 6.7251e-01 9.8610e-01 9.8412e-01 9.5493e-01 9.8412e-01 7.3435e-01 9.8613e-01 9.7828e-01 1.0000e+00 9.4903e-01 7.3758e-01 9.9801e-01 6.8960e-01 9.9603e-01 1.0000e+00 9.9801e-01 1.0000e+00 9.9603e-01 1.0000e+00 6.8960e-01 9.9801e-01 9.9603e-01 9.9603e-01 5.2761e-01 6.3497e-01 9.6244e-01 5.3421e-01 9.6439e-01 6.3654e-01 9.6845e-01 9.6651e-01 9.6457e-01 5.2605e-01 6.3497e-01
4.7728e-01 1.2494e-01 9.4436e-01 5.4176e-01 5.7198e-01 5.6252e-01 6.6795e-01 7.1454e-01 6.7114e-01 9.8412e-01 9.8215e-01 9.5302e-01 9.8215e-01 7.3289e-01 9.8416e-01 9.7633e-01 9.9801e-01 9.4712e-01 7.3612e-01 9.9602e-01 6.8823e-01 9.9405e-01 9.9801e-01 1.0000e+00 9.9801e-01 9.9405e-01 9.9801e-01 6.8823e-01 9.9602e-01 9.9404e-01 9.9404e-01 5.2656e-01 6.3370e-01 9.6050e-01 5.3265e-01 9.6245e-01 6.3526e-01 9.6651e-01 9.6458e-01 9.6264e-01 5.2500e-01 6.3370e-01
4.7918e-01 1.2586e-01 9.4637e-01 5.4295e-01 5.7316e-01 5.6369e-01 6.6932e-01 7.1599e-01 6.7251e-01 9.8610e-01 9.8412e-01 9.5493e-01 9.8412e-01 7.3435e-01 9.8613e-01 9.7828e-01 1.0000e+00 9.4903e-01 7.3758e-01 9.9801e-01 6.8960e-01 9.9603e-01 1.0000e+00 9.9801e-01 1.0000e+00 9.9603e-01 1.0000e+00 6.8960e-01 9.9801e-01 9.9603e-01 9.9603e-01 5.2761e-01 6.3497e-01 9.6244e-01 5.3421e-01 9.6439e-01 6.3654e-01 9.6845e-01 9.6651e-01 9.6457e-01 5.2605e-01 6.3497e-01
4.8299e-01 1.1723e-01 9.4244e-01 5.3624e-01 5.6644e-01 5.5686e-01 6.6349e-01 7.1054e-01 6.6671e-01 9.8210e-01 9.8012e-01 9.5080e-01 9.8012e-01 7.3728e-01 9.8212e-01 9.8219e-01 9.9603e-01 9.4888e-01 7.3217e-01 9.9405e-01 6.9235e-01 1.0000e+00 9.9603e-01 9.9405e-01 9.9603e-01 1.0000e+00 9.9603e-01 6.9235e-01 9.9405e-01 9.9208e-01 9.9208e-01 5.2971e-01 6.3752e-01 9.6634e-01 5.2914e-01 9.6034e-01 6.3909e-01 9.6439e-01 9.7039e-01 9.6845e-01 5.2814e-01 6.3752e-01
4.7918e-01 1.2586e-01 9.4637e-01 5.4295e-01 5.7316e-01 5.6369e-01 6.6932e-01 7.1599e-01 6.7251e-01 9.8610e-01 9.8412e-01 9.5493e-01 9.8412e-01 7.3435e-01 9.8613e-01 9.7828e-01 1.0000e+00 9.4903e-01 7.3758e-01 9.9801e-01 6.8960e-01 9.9603e-01 1.0000e+00 9.9801e-01 1.0000e+00 9.9603e-01 1.0000e+00 6.8960e-01 9.9801e-01 9.9603e-01 9.9603e-01 5.2761e-01 6.3497e-01 9.6244e-01 5.3421e-01 9.6439e-01 6.3654e-01 9.6845e-01 9.6651e-01 9.6457e-01 5.2605e-01 6.3497e-01
3.8392e-01 -2.8567e-01 6.3578e-01 7.9805e-01 8.0060e-01 8.1618e-01 9.5403e-01 8.9167e-01 9.5410e-01 6.7236e-01 6.7374e-01 6.3918e-01 6.7374e-01 9.1659e-01 6.7513e-01 6.8069e-01 6.8960e-01 6.7910e-01 9.3495e-01 6.8823e-01 1.0000e+00 6.9235e-01 6.8960e-01 6.8823e-01 6.8960e-01 6.9235e-01 6.8960e-01 1.0000e+00 6.8823e-01 6.8686e-01 6.8686e-01 7.6509e-01 9.1771e-01 7.0058e-01 5.8822e-01 6.9918e-01 9.1998e-01 7.0199e-01 7.0339e-01 7.0480e-01 7.6283e-01 9.2244e-01
4.7728e-01 1.3017e-01 9.4436e-01 5.4176e-01 5.7198e-01 5.6252e-01 6.6795e-01 7.1454e-01 6.7114e-01 9.8412e-01 9.8215e-01 9.5302e-01 9.8215e-01 7.3289e-01 9.8416e-01 9.7633e-01 9.9801e-01 9.4712e-01 7.3612e-01 9.9602e-01 6.8823e-01 9.9405e-01 9.9801e-01 9.9602e-01 9.9801e-01 9.9405e-01 9.9801e-01 6.8823e-01 1.0000e+00 9.9801e-01 9.9801e-01 5.2656e-01 6.3811e-01 9.6448e-01 5.3675e-01 9.6642e-01 6.3966e-01 9.7049e-01 9.6855e-01 9.6662e-01 5.2500e-01 6.3811e-01
4.7539e-01 1.3449e-01 9.4236e-01 5.4058e-01 5.7080e-01 5.6136e-01 6.6659e-01 7.1309e-01 6.6977e-01 9.8215e-01 9.8019e-01 9.5111e-01 9.8019e-01 7.3143e-01 9.8220e-01 9.7438e-01 9.9603e-01 9.4522e-01 7.3466e-01 9.9404e-01 6.8686e-01 9.9208e-01 9.9603e-01 9.9404e-01 9.9603e-01 9.9208e-01 9.9603e-01 6.8686e-01 9.9801e-01 1.0000e+00 1.0000e+00 5.2551e-01 6.3684e-01 9.6652e-01 5.3519e-01 9.6846e-01 6.3839e-01 9.7254e-01 9.7060e-01 9.6867e-01 5.2396e-01 6.3684e-01
4.7539e-01 1.3449e-01 9.4236e-01 5.4058e-01 5.7080e-01 5.6136e-01 6.6659e-01 7.1309e-01 6.6977e-01 9.8215e-01 9.8019e-01 9.5111e-01 9.8019e-01 7.3143e-01 9.8220e-01 9.7438e-01 9.9603e-01 9.4522e-01 7.3466e-01 9.9404e-01 6.8686e-01 9.9208e-01 9.9603e-01 9.9404e-01 9.9603e-01 9.9208e-01 9.9603e-01 6.8686e-01 9.9801e-01 1.0000e+00 1.0000e+00 5.2551e-01 6.3684e-01 9.6652e-01 5.3519e-01 9.6846e-01 6.3839e-01 9.7254e-01 9.7060e-01 9.6867e-01 5.2396e-01 6.3684e-01
2.6737e-01 -2.2093e-01 5.1269e-01 8.7203e-01 8.7431e-01 8.8825e-01 7.6340e-01 7.0984e-01 7.6509e-01 5.3077e-01 5.3182e-01 4.8482e-01 5.3182e-01 7.1847e-01 5.3288e-01 5.3714e-01 5.2761e-01 5.4418e-01 7.1532e-01 5.2656e-01 7.6509e-01 5.2971e-01 5.2761e-01 5.2656e-01 5.2761e-01 5.2971e-01 5.2761e-01 7.6509e-01 5.2656e-01 5.2551e-01 5.2551e-01 1.0000e+00 8.2519e-01 5.3928e-01 6.6415e-01 5.3821e-01 8.2318e-01 5.4035e-01 5.4143e-01 5.4251e-01 9.7334e-01 8.2519e-01
3.6555e-01 -2.5617e-01 5.8022e-01 6.9808e-01 7.0039e-01 7.1451e-01 8.6984e-01 8.1234e-01 8.7040e-01 6.1678e-01 6.1806e-01 5.8026e-01 6.1806e-01 8.4289e-01 6.1934e-01 6.2450e-01 6.3497e-01 6.3007e-01 8.5761e-01 6.3370e-01 9.1771e-01 6.3752e-01 6.3497e-01 6.3370e-01 6.3497e-01 6.3752e-01 6.3497e-01 9.1771e-01 6.3811e-01 6.3684e-01 6.3684e-01 8.2519e-01 1.0000e+00 6.5352e-01 6.4291e-01 6.5222e-01 9.9757e-01 6.5482e-01 6.5613e-01 6.5744e-01 8.1737e-01 9.9512e-01
4.5638e-01 9.4109e-02 9.0900e-01 5.4705e-01 5.7723e-01 5.6749e-01 6.7165e-01 7.1963e-01 6.7493e-01 9.4840e-01 9.4638e-01 9.1648e-01 9.4638e-01 7.4641e-01 9.4834e-01 9.4827e-01 9.6244e-01 9.1849e-01 7.4136e-01 9.6050e-01 7.0058e-01 9.6634e-01 9.6244e-01 9.6050e-01 9.6244e-01 9.6634e-01 9.6244e-01 7.0058e-01 9.6448e-01 9.6652e-01 9.6652e-01 5.3928e-01 6.5352e-01 1.0000e+00 5.4743e-01 9.9403e-01 6.5512e-01 9.9005e-01 9.9603e-01 9.9405e-01 5.3768e-01 6.5352e-01
2.0868e-01 1.3594e-02 5.1003e-01 5.8444e-01 5.8695e-01 6.0221e-01 6.0137e-01 6.0991e-01 6.0584e-01 5.1840e-01 5.1997e-01 4.8629e-01 5.1997e-01 5.9923e-01 5.2154e-01 5.1144e-01 5.3421e-01 4.9200e-01 6.0378e-01 5.3265e-01 5.8822e-01 5.2914e-01 5.3421e-01 5.3265e-01 5.3421e-01 5.2914e-01 5.3421e-01 5.8822e-01 5.3675e-01 5.3519e-01 5.3519e-01 6.6415e-01 6.4291e-01 5.4743e-01 1.0000e+00 5.5405e-01 6.4506e-01 5.5722e-01 5.5060e-01 5.5220e-01 6.6216e-01 6.4291e-01
4.5446e-01 1.0366e-01 9.1094e-01 5.5493e-01 5.8512e-01 5.7546e-01 6.7882e-01 7.2652e-01 6.8208e-01 9.5036e-01 9.5232e-01 9.2249e-01 9.5232e-01 7.4492e-01 9.5429e-01 9.4627e-01 9.6439e-01 9.1655e-01 7.4822e-01 9.6245e-01 6.9918e-01 9.6034e-01 9.6439e-01 9.6245e-01 9.6439e-01 9.6034e-01 9.6439e-01 6.9918e-01 9.6642e-01 9.6846e-01 9.6846e-01 5.3821e-01 6.5222e-01 9.9403e-01 5.5405e-01 1.0000e+00 6.5381e-01 9.9603e-01 9.9007e-01 9.9207e-01 5.3662e-01 6.5222e-01
3.6749e-01 -2.5691e-01 5.8182e-01 7.0108e-01 7.0340e-01 7.1755e-01 8.7218e-01 8.1453e-01 8.7272e-01 6.1838e-01 6.1966e-01 5.8197e-01 6.1966e-01 8.4504e-01 6.2095e-01 6.2611e-01 6.3654e-01 6.3173e-01 8.5973e-01 6.3526e-01 9.1998e-01 6.3909e-01 6.3654e-01 6.3526e-01 6.3654e-01 6.3909e-01 6.3654e-01 9.1998e-01 6.3966e-01 6.3839e-01 6.3839e-01 8.2318e-01 9.9757e-01 6.5512e-01 6.4506e-01 6.5381e-01 1.0000e+00 6.5642e-01 6.5773e-01 6.5904e-01 8.2075e-01 9.9757e-01
4.5830e-01 1.0550e-01 9.1503e-01 5.5735e-01 5.8754e-01 5.7785e-01 6.8161e-01 7.2950e-01 6.8489e-01 9.5440e-01 9.5635e-01 9.2640e-01 9.5635e-01 7.4791e-01 9.5831e-01 9.5026e-01 9.6845e-01 9.2045e-01 7.5122e-01 9.6651e-01 7.0199e-01 9.6439e-01 9.6845e-01 9.6651e-01 9.6845e-01 9.6439e-01 9.6845e-01 7.0199e-01 9.7049e-01 9.7254e-01 9.7254e-01 5.4035e-01 6.5482e-01 9.9005e-01 5.5722e-01 9.9603e-01 6.5642e-01 1.0000e+00 9.9403e-01 9.9603e-01 5.3876e-01 6.5482e-01
4.6022e-01 9.5955e-02 9.1310e-01 5.4948e-01 5.7966e-01 5.6987e-01 6.7444e-01 7.2261e-01 6.7774e-01 9.5244e-01 9.5041e-01 9.2039e-01 9.5041e-01 7.4940e-01 9.5237e-01 9.5226e-01 9.6651e-01 9.2240e-01 7.4437e-01 9.6458e-01 7.0339e-01 9.7039e-01 9.6651e-01 9.6458e-01 9.6651e-01 9.7039e-01 9.6651e-01 7.0339e-01 9.6855e-01 9.7060e-01 9.7060e-01 5.4143e-01 6.5613e-01 9.9603e-01 5.5060e-01 9.9007e-01 6.5773e-01 9.9403e-01 1.0000e+00 9.9801e-01 5.3983e-01 6.5613e-01
4.6215e-01 9.6878e-02 9.1118e-01 5.5069e-01 5.8087e-01 5.7107e-01 6.7585e-01 7.2411e-01 6.7915e-01 9.5049e-01 9.5244e-01 9.2236e-01 9.5244e-01 7.5091e-01 9.5439e-01 9.5427e-01 9.6457e-01 9.2038e-01 7.4588e-01 9.6264e-01 7.0480e-01 9.6845e-01 9.6457e-01 9.6264e-01 9.6457e-01 9.6845e-01 9.6457e-01 7.0480e-01 9.6662e-01 9.6867e-01 9.6867e-01 5.4251e-01 6.5744e-01 9.9405e-01 5.5220e-01 9.9207e-01 6.5904e-01 9.9603e-01 9.9801e-01 1.0000e+00 5.4091e-01 6.5744e-01
2.7013e-01 -2.2019e-01 5.1113e-01 8.5275e-01 8.5501e-01 8.6878e-01 7.6112e-01 7.0770e-01 7.6283e-01 5.2920e-01 5.3025e-01 4.8309e-01 5.3025e-01 7.1635e-01 5.3130e-01 5.3555e-01 5.2605e-01 5.4255e-01 7.1320e-01 5.2500e-01 7.6283e-01 5.2814e-01 5.2605e-01 5.2500e-01 5.2605e-01 5.2814e-01 5.2605e-01 7.6283e-01 5.2500e-01 5.2396e-01 5.2396e-01 9.7334e-01 8.1737e-01 5.3768e-01 6.6216e-01 5.3662e-01 8.2075e-01 5.3876e-01 5.3983e-01 5.4091e-01 1.0000e+00 8.2275e-01
3.6555e-01 -2.5617e-01 5.8022e-01 7.0311e-01 7.0543e-01 7.1958e-01 8.7458e-01 8.1698e-01 8.7513e-01 6.1678e-01 6.1806e-01 5.8026e-01 6.1806e-01 8.4289e-01 6.1934e-01 6.2450e-01 6.3497e-01 6.3007e-01 8.6223e-01 6.3370e-01 9.2244e-01 6.3752e-01 6.3497e-01 6.3370e-01 6.3497e-01 6.3752e-01 6.3497e-01 9.2244e-01 6.3811e-01 6.3684e-01 6.3684e-01 8.2519e-01 9.9512e-01 6.5352e-01 6.4291e-01 6.5222e-01 9.9757e-01 6.5482e-01 6.5613e-01 6.5744e-01 8.2275e-01 1.0000e+00
