1.0 0.87782 -0.52968 -0.36515 -0.29082 0.99735 -0.53396 -0.3687 -0.53321 -0.29082 0.8805 -0.31146 -0.57551 -0.23849 -0.47209 -0.48572 0.8637 -0.57411 0.85835 -0.3149 -0.57272 0.8609 -0.56583 -0.2885 -0.4617 -0.46394 -0.30989 -0.23752 0.84966 -0.31672 -0.31237 -0.34262 0.27087 -0.28862 0.28954 -0.27338 -0.46591 -0.26861
0.87782 1.0 -0.469 -0.32054 -0.25529 0.88015 -0.47276 -0.32365 -0.46806 -0.25529 0.99696 -0.2739 -0.54567 -0.21111 -0.45504 -0.47328 0.80721 -0.54944 0.80721 -0.27795 -0.5482 0.80952 -0.54206 -0.24763 -0.44993 -0.45369 -0.27149 -0.21026 0.81312 -0.27954 -0.26906 -0.35365 0.24455 -0.24701 0.24783 -0.23048 -0.45414 -0.22622
-0.52968 -0.469 1.0 -0.58527 -0.46614 -0.53286 0.99205 -0.59096 0.99801 -0.46614 -0.47043 -0.49568 0.73719 -0.37372 0.87575 0.88102 -0.50294 0.73877 -0.5076 -0.49732 0.74035 -0.50616 0.72402 -0.51343 0.86486 0.8758 -0.50611 -0.37214 -0.50042 -0.49112 -0.50171 0.73262 0.5015 -0.49574 0.4925 -0.4925 0.83597 -0.48525
-0.36515 -0.32054 -0.58527 1.0 0.79645 -0.36418 -0.58996 0.99036 -0.5841 0.79645 -0.32151 0.84937 -0.27174 0.64398 -0.52469 -0.50008 -0.26404 -0.27036 -0.25891 0.85445 -0.27344 -0.26294 -0.26209 0.82711 -0.51831 -0.51073 0.83936 0.6413 -0.25854 0.84937 0.83678 -0.47046 -0.79617 0.80666 -0.80402 0.78853 -0.4645 0.77575
-0.29082 -0.25529 -0.46614 0.79645 1.0 -0.29005 -0.46987 0.78877 -0.46521 0.99385 -0.25607 0.6118 -0.46616 0.79886 -0.38742 -0.36639 -0.17999 -0.46496 -0.17421 0.61567 -0.46376 -0.17907 -0.45781 0.59479 -0.38235 -0.37632 0.60415 0.80202 -0.17539 0.6118 0.60421 -0.37171 -0.54354 0.55137 -0.5494 0.53198 -0.31203 0.51842
0.99735 0.88015 -0.53286 -0.36418 -0.29005 1.0 -0.53713 -0.36773 -0.5318 -0.29005 0.88284 -0.31053 -0.57349 -0.23776 -0.47037 -0.48409 0.86078 -0.57677 0.86078 -0.31398 -0.57538 0.86333 -0.56849 -0.28751 -0.46457 -0.46685 -0.30895 -0.23679 0.85207 -0.31579 -0.31144 -0.3461 0.26995 -0.28772 0.28865 -0.27247 -0.46869 -0.26771
-0.53396 -0.47276 0.99205 -0.58996 -0.46987 -0.53713 1.0 -0.57816 0.99007 -0.46987 -0.4742 -0.50005 0.74331 -0.37712 0.883 0.87261 -0.50713 0.7449 -0.51178 -0.50165 0.74649 -0.51034 0.73024 -0.49984 0.8722 0.86731 -0.49236 -0.37553 -0.50455 -0.49548 -0.48786 0.72616 0.48705 -0.48114 0.47794 -0.47794 0.82704 -0.4705
-0.3687 -0.32365 -0.59096 0.99036 0.78877 -0.36773 -0.57816 1.0 -0.58979 0.78877 -0.32464 0.84076 -0.26343 0.63736 -0.51399 -0.50671 -0.26789 -0.26203 -0.26277 0.84585 -0.26509 -0.26678 -0.25371 0.83833 -0.50756 -0.5174 0.85071 0.6347 -0.26235 0.84076 0.84826 -0.47516 -0.80847 0.81908 -0.81641 0.80098 -0.47188 0.78848
-0.53321 -0.46806 0.99801 -0.5841 -0.46521 -0.5318 0.99007 -0.58979 1.0 -0.46521 -0.46949 -0.4946 0.73973 -0.37287 0.87792 0.88314 -0.50655 0.73725 -0.50655 -0.49624 0.73883 -0.50512 0.72247 -0.51232 0.86303 0.87395 -0.50501 -0.37129 -0.4994 -0.49003 -0.50063 0.73011 0.50046 -0.49471 0.49147 -0.49147 0.83423 -0.48423
-0.29082 -0.25529 -0.46614 0.79645 0.99385 -0.29005 -0.46987 0.78877 -0.46521 1.0 -0.25607 0.6118 -0.4712 0.8054 -0.38742 -0.36639 -0.17999 -0.46999 -0.17421 0.61567 -0.46879 -0.17907 -0.46283 0.59479 -0.38235 -0.37632 0.60415 0.80859 -0.17539 0.6118 0.60421 -0.37171 -0.54354 0.55137 -0.5494 0.53198 -0.31203 0.51842
0.8805 0.99696 -0.47043 -0.32151 -0.25607 0.88284 -0.4742 -0.32464 -0.46949 -0.25607 1.0 -0.27484 -0.54767 -0.21185 -0.45674 -0.47487 0.81012 -0.55143 0.81012 -0.27888 -0.55019 0.81244 -0.54403 -0.24865 -0.45161 -0.45534 -0.27246 -0.211 0.81029 -0.28048 -0.27002 -0.35488 0.23974 -0.24793 0.24876 -0.23143 -0.45593 -0.22717
-0.31146 -0.2739 -0.49568 0.84937 0.6118 -0.31053 -0.50005 0.84076 -0.4946 0.6118 -0.27484 1.0 -0.2887 0.7781 -0.56721 -0.57126 -0.32438 -0.29204 -0.31906 0.99478 -0.29538 -0.32348 -0.31206 0.9667 -0.58862 -0.5816 0.97927 0.77538 -0.31987 0.98955 0.97132 -0.43886 -0.89155 0.90214 -0.89947 0.88342 -0.49778 0.86983
-0.57551 -0.54567 0.73719 -0.27174 -0.46616 -0.57349 0.74331 -0.26343 0.73973 -0.4712 -0.54767 -0.2887 1.0 -0.51022 0.84276 0.81642 -0.68015 0.99382 -0.68015 -0.28855 0.99177 -0.67829 0.98161 -0.26423 0.83039 0.82052 -0.27517 -0.51357 -0.67083 -0.28406 -0.27256 0.61561 0.25698 -0.24711 0.24483 -0.24483 0.76003 -0.23714
-0.23849 -0.21111 -0.37372 0.64398 0.79886 -0.23776 -0.37712 0.63736 -0.37287 0.8054 -0.21185 0.7781 -0.51022 1.0 -0.43456 -0.45158 -0.25654 -0.51446 -0.25039 0.78218 -0.5187 -0.25584 -0.53987 0.76022 -0.46154 -0.45608 0.77005 0.99651 -0.25306 0.7781 0.76401 -0.34515 -0.65582 0.66384 -0.66182 0.64326 -0.34607 0.62841
-0.47209 -0.45504 0.87575 -0.52469 -0.38742 -0.47037 0.883 -0.51399 0.87792 -0.38742 -0.45674 -0.56721 0.84276 -0.43456 1.0 0.96478 -0.57718 0.84449 -0.57718 -0.56856 0.84623 -0.57562 0.83076 -0.53662 0.98616 0.97444 -0.55097 -0.43286 -0.56936 -0.56266 -0.54608 0.7322 0.54309 -0.53665 0.53359 -0.53359 0.92509 -0.52549
-0.48572 -0.47328 0.88102 -0.50008 -0.36639 -0.48409 0.87261 -0.50671 0.88314 -0.36639 -0.47487 -0.57126 0.81642 -0.45158 0.96478 1.0 -0.55915 0.8181 -0.55915 -0.57277 0.81979 -0.55763 0.82825 -0.58951 0.97444 0.98616 -0.5819 -0.45 -0.55156 -0.56671 -0.57733 0.73548 0.54834 -0.54222 0.53909 -0.53909 0.91482 -0.5314
0.8637 0.80721 -0.50294 -0.26404 -0.17999 0.86078 -0.50713 -0.26789 -0.50655 -0.17999 0.81012 -0.32438 -0.68015 -0.25654 -0.57718 -0.55915 1.0 -0.67874 0.99458 -0.32798 -0.67734 0.99729 -0.67038 -0.33745 -0.56685 -0.56008 -0.33314 -0.25564 0.98644 -0.3297 -0.33056 -0.41774 0.28421 -0.30242 0.30329 -0.28693 -0.56103 -0.28242
-0.57411 -0.54944 0.73877 -0.27036 -0.46496 -0.57677 0.7449 -0.26203 0.73725 -0.46999 -0.55143 -0.29204 0.99382 -0.51446 0.84449 0.8181 -0.67874 1.0 -0.68347 -0.29191 0.99794 -0.68161 0.98775 -0.2675 0.83615 0.82626 -0.27849 -0.51782 -0.6742 -0.2874 -0.2759 0.6211 0.26048 -0.25064 0.24836 -0.24836 0.76592 -0.24072
0.85835 0.80721 -0.5076 -0.25891 -0.17421 0.86078 -0.51178 -0.26277 -0.50655 -0.17421 0.81012 -0.31906 -0.68015 -0.25039 -0.57718 -0.55915 0.99458 -0.68347 1.0 -0.32264 -0.68206 0.99729 -0.6751 -0.33219 -0.57148 -0.56472 -0.32785 -0.24948 0.98644 -0.32438 -0.32525 -0.42255 0.28421 -0.30242 0.30329 -0.28693 -0.56103 -0.28242
-0.3149 -0.27795 -0.49732 0.85445 0.61567 -0.31398 -0.50165 0.84585 -0.49624 0.61567 -0.27888 0.99478 -0.28855 0.78218 -0.56856 -0.57277 -0.32798 -0.29191 -0.32264 1.0 -0.29527 -0.32709 -0.31204 0.97193 -0.59007 -0.58309 0.98449 0.77945 -0.32353 0.99478 0.9765 -0.44127 -0.89642 0.90701 -0.90434 0.88824 -0.49879 0.87459
-0.57272 -0.5482 0.74035 -0.27344 -0.46376 -0.57538 0.74649 -0.26509 0.73883 -0.46879 -0.55019 -0.29538 0.99177 -0.5187 0.84623 0.81979 -0.67734 0.99794 -0.68206 -0.29527 1.0 -0.68021 0.98568 -0.27077 0.83788 0.82796 -0.2818 -0.5167 -0.67281 -0.29075 -0.27924 0.62239 0.26397 -0.25418 0.25189 -0.25189 0.76777 -0.24431
0.8609 0.80952 -0.50616 -0.26294 -0.17907 0.86333 -0.51034 -0.26678 -0.50512 -0.17907 0.81244 -0.32348 -0.67829 -0.25584 -0.57562 -0.55763 0.99729 -0.68161 0.99729 -0.32709 -0.68021 1.0 -0.67327 -0.33654 -0.56994 -0.56319 -0.33224 -0.25495 0.98912 -0.32881 -0.32966 -0.42139 0.2833 -0.30155 0.30243 -0.28604 -0.56401 -0.28155
-0.56583 -0.54206 0.72402 -0.26209 -0.45781 -0.56849 0.73024 -0.25371 0.72247 -0.46283 -0.54403 -0.31206 0.98161 -0.53987 0.83076 0.82825 -0.67038 0.98775 -0.6751 -0.31204 0.98568 -0.67327 1.0 -0.2871 0.84652 0.83651 -0.29832 -0.54332 -0.66594 -0.30743 -0.2959 0.62887 0.25309 -0.24335 0.24105 -0.24105 0.75278 -0.23353
-0.2885 -0.24763 -0.51343 0.82711 0.59479 -0.28751 -0.49984 0.83833 -0.51232 0.59479 -0.24865 0.9667 -0.26423 0.76022 -0.53662 -0.58951 -0.33745 -0.2675 -0.33219 0.97193 -0.27077 -0.33654 -0.2871 1.0 -0.55759 -0.57742 0.98724 0.75757 -0.33288 0.9667 0.97958 -0.43064 -0.90187 0.91265 -0.90993 0.89405 -0.4957 0.88101
-0.4617 -0.44993 0.86486 -0.51831 -0.38235 -0.46457 0.8722 -0.50756 0.86303 -0.38235 -0.45161 -0.58862 0.83039 -0.46154 0.98616 0.97444 -0.56685 0.83615 -0.57148 -0.59007 0.83788 -0.56994 0.84652 -0.55759 1.0 0.98816 -0.57219 -0.45993 -0.56374 -0.58406 -0.56744 0.74371 0.53742 -0.53103 0.52796 -0.52796 0.91557 -0.51993
-0.46394 -0.45369 0.8758 -0.51073 -0.37632 -0.46685 0.86731 -0.5174 0.87395 -0.37632 -0.45534 -0.5816 0.82052 -0.45608 0.97444 0.98616 -0.56008 0.82626 -0.56472 -0.58309 0.82796 -0.56319 0.83651 -0.57742 0.98816 1.0 -0.59227 -0.45449 -0.55706 -0.57704 -0.58768 0.75266 0.55854 -0.55239 0.54927 -0.54927 0.92812 -0.54153
-0.30989 -0.27149 -0.50611 0.83936 0.60415 -0.30895 -0.49236 0.85071 -0.50501 0.60415 -0.27246 0.97927 -0.27517 0.77005 -0.55097 -0.5819 -0.33314 -0.27849 -0.32785 0.98449 -0.2818 -0.33224 -0.29832 0.98724 -0.57219 -0.59227 1.0 0.76736 -0.32863 0.97927 0.99225 -0.44822 -0.91378 0.92455 -0.92184 0.90586 -0.50942 0.89265
-0.23752 -0.21026 -0.37214 0.6413 0.80202 -0.23679 -0.37553 0.6347 -0.37129 0.80859 -0.211 0.77538 -0.51357 0.99651 -0.43286 -0.45 -0.25564 -0.51782 -0.24948 0.77945 -0.5167 -0.25495 -0.54332 0.75757 -0.45993 -0.45449 0.76736 1.0 -0.25218 0.77538 0.76127 -0.34395 -0.65264 0.66063 -0.65861 0.64001 -0.34407 0.62506
0.84966 0.81312 -0.50042 -0.25854 -0.17539 0.85207 -0.50455 -0.26235 -0.4994 -0.17539 0.81029 -0.31987 -0.67083 -0.25306 -0.56936 -0.55156 0.98644 -0.6742 0.98644 -0.32353 -0.67281 0.98912 -0.66594 -0.33288 -0.56374 -0.55706 -0.32863 -0.25218 1.0 -0.32523 -0.32608 -0.41673 0.30155 -0.29809 0.29896 -0.28248 -0.55734 -0.27803
-0.31672 -0.27954 -0.49112 0.84937 0.6118 -0.31579 -0.49548 0.84076 -0.49003 0.6118 -0.28048 0.98955 -0.28406 0.7781 -0.56266 -0.56671 -0.3297 -0.2874 -0.32438 0.99478 -0.29075 -0.32881 -0.30743 0.9667 -0.58406 -0.57704 0.97927 0.77538 -0.32523 1.0 0.97132 -0.44359 -0.89155 0.90214 -0.89947 0.88342 -0.49321 0.86983
-0.31237 -0.26906 -0.50171 0.83678 0.60421 -0.31144 -0.48786 0.84826 -0.50063 0.60421 -0.27002 0.97132 -0.27256 0.76401 -0.54608 -0.57733 -0.33056 -0.2759 -0.32525 0.9765 -0.27924 -0.32966 -0.2959 0.97958 -0.56744 -0.58768 0.99225 0.76127 -0.32608 0.97132 1.0 -0.44475 -0.92107 0.93184 -0.92913 0.91309 -0.50411 0.89978
-0.34262 -0.35365 0.73262 -0.47046 -0.37171 -0.3461 0.72616 -0.47516 0.73011 -0.37171 -0.35488 -0.43886 0.61561 -0.34515 0.7322 0.73548 -0.41774 0.6211 -0.42255 -0.44127 0.62239 -0.42139 0.62887 -0.43064 0.74371 0.75266 -0.44822 -0.34395 -0.41673 -0.44359 -0.44475 1.0 0.42139 -0.41673 0.41305 -0.41305 0.70203 -0.40718
0.27087 0.24455 0.5015 -0.79617 -0.54354 0.26995 0.48705 -0.80847 0.50046 -0.54354 0.23974 -0.89155 0.25698 -0.65582 0.54309 0.54834 0.28421 0.26048 0.28421 -0.89642 0.26397 0.2833 0.25309 -0.90187 0.53742 0.55854 -0.91378 -0.65264 0.30155 -0.89155 -0.92107 0.42139 1.0 -0.98912 0.98638 -0.97 0.58263 -0.95623
-0.28862 -0.24701 -0.49574 0.80666 0.55137 -0.28772 -0.48114 0.81908 -0.49471 0.55137 -0.24793 0.90214 -0.24711 0.66384 -0.53665 -0.54222 -0.30242 -0.25064 -0.30242 0.90701 -0.25418 -0.30155 -0.24335 0.91265 -0.53103 -0.55239 0.92455 0.66063 -0.29809 0.90214 0.93184 -0.41673 -0.98912 1.0 -0.99726 0.98078 -0.57606 0.96686
0.28954 0.24783 0.4925 -0.80402 -0.5494 0.28865 0.47794 -0.81641 0.49147 -0.5494 0.24876 -0.89947 0.24483 -0.66182 0.53359 0.53909 0.30329 0.24836 0.30329 -0.90434 0.25189 0.30243 0.24105 -0.90993 0.52796 0.54927 -0.92184 -0.65861 0.29896 -0.89947 -0.92913 0.41305 0.98638 -0.99726 1.0 -0.98355 0.5777 -0.96971
-0.27338 -0.23048 -0.4925 0.78853 0.53198 -0.27247 -0.47794 0.80098 -0.49147 0.53198 -0.23143 0.88342 -0.24483 0.64326 -0.53359 -0.53909 -0.28693 -0.24836 -0.28693 0.88824 -0.25189 -0.28604 -0.24105 0.89405 -0.52796 -0.54927 0.90586 0.64001 -0.28248 0.88342 0.91309 -0.41305 -0.97 0.98078 -0.98355 1.0 -0.59172 0.98628
-0.46591 -0.45414 0.83597 -0.4645 -0.31203 -0.46869 0.82704 -0.47188 0.83423 -0.31203 -0.45593 -0.49778 0.76003 -0.34607 0.92509 0.91482 -0.56103 0.76592 -0.56103 -0.49879 0.76777 -0.56401 0.75278 -0.4957 0.91557 0.92812 -0.50942 -0.34407 -0.55734 -0.49321 -0.50411 0.70203 0.58263 -0.57606 0.5777 -0.59172 1.0 -0.5836
-0.26861 -0.22622 -0.48525 0.77575 0.51842 -0.26771 -0.4705 0.78848 -0.48423 0.51842 -0.22717 0.86983 -0.23714 0.62841 -0.52549 -0.5314 -0.28242 -0.24072 -0.28242 0.87459 -0.24431 -0.28155 -0.23353 0.88101 -0.51993 -0.54153 0.89265 0.62506 -0.27803 0.86983 0.89978 -0.40718 -0.95623 0.96686 -0.96971 0.98628 -0.5836 1.0
