1.0 -0.17714 0.57416 -0.82544 -0.82724 -0.17954 0.57416 0.98223 0.18522 0.98228 -0.78167 -0.78463 0.78973 -0.48275 -0.17528 0.97716 -0.78678 0.96948 -0.20794 -0.70313 0.709 0.86865 0.18756 0.86459 0.18639 0.18285 0.1922 0.66431 -0.66032 -0.17282 -0.1765 0.8115 0.8058 0.80294 0.66151 0.24999 0.54711 -0.64974 0.47559 0.65239 -0.15953 0.75008 -0.15361 -0.15824 -0.60861 0.75008 -0.16081 -0.75115
-0.17714 1.0 -0.10171 -0.39399 -0.39487 0.97324 -0.10171 -0.16839 -0.86018 -0.1693 -0.37958 -0.37876 0.38123 -0.22966 0.86993 -0.16839 -0.38206 -0.16701 0.77604 -0.34138 0.33677 -0.17468 -0.82638 -0.15984 -0.80652 -0.82037 -0.7847 -0.10268 -0.34495 0.82995 0.81569 -0.15984 -0.15885 -0.15836 -0.10214 0.54191 -0.12914 -0.34423 -0.068112 -0.1016 0.76049 -0.15791 0.75651 0.75265 -0.32619 -0.16573 0.75651 0.15891
0.57416 -0.10171 1.0 -0.47394 -0.47497 -0.10308 0.98963 0.56836 0.11496 0.56547 -0.45017 -0.4492 0.45212 -0.27981 -0.11368 0.56836 -0.44643 0.57276 -0.12734 -0.40505 0.40842 0.50571 0.11623 0.50337 0.1156 0.11368 0.11875 -0.10946 -0.37666 -0.11239 -0.11432 0.46886 0.47114 0.46537 -0.10879 0.58467 -0.14196 -0.3693 0.8413 -0.10812 -0.079308 0.41451 -0.069805 -0.078519 -0.34185 0.41451 -0.080092 -0.41241
-0.82544 -0.39399 -0.47394 1.0 0.99782 -0.40713 -0.47394 -0.81392 0.33561 -0.81342 0.95094 0.95321 -0.9464 0.57336 -0.32948 -0.8092 0.94413 -0.80288 -0.26502 0.8557 -0.84589 -0.70458 0.31405 -0.70922 0.30397 0.29434 0.28572 -0.55678 0.80533 -0.3091 -0.31856 -0.65992 -0.6552 -0.65284 -0.55449 -0.55277 -0.4326 0.80779 -0.40145 -0.54634 -0.30205 -0.60392 -0.30519 -0.29889 0.75908 -0.59948 -0.29851 0.60433
-0.82724 -0.39487 -0.47497 0.99782 1.0 -0.4004 -0.47497 -0.81571 0.32955 -0.81522 0.94882 0.9511 -0.9486 0.57632 -0.33039 -0.811 0.94633 -0.80465 -0.25953 0.85379 -0.84819 -0.70645 0.30805 -0.7111 0.29793 0.29522 0.27983 -0.55803 0.8076 -0.30998 -0.31246 -0.66178 -0.65705 -0.65468 -0.55573 -0.5491 -0.43394 0.80583 -0.40245 -0.54757 -0.29626 -0.60577 -0.29944 -0.29307 0.75722 -0.60133 -0.29276 0.60619
-0.17954 0.97324 -0.10308 -0.40713 -0.4004 1.0 -0.10308 -0.17087 -0.88455 -0.1718 -0.39243 -0.3916 0.37148 -0.2181 0.8578 -0.17087 -0.37231 -0.16947 0.79829 -0.35354 0.32694 -0.17762 -0.85078 -0.16297 -0.83132 -0.8088 -0.80891 -0.10457 -0.33504 0.8183 0.84074 -0.16297 -0.16198 -0.16148 -0.10403 0.55881 -0.13134 -0.35645 -0.069902 -0.10349 0.7845 -0.16121 0.78041 0.7769 -0.3381 -0.16894 0.78041 0.16221
0.57416 -0.10171 0.98963 -0.47394 -0.47497 -0.10308 1.0 0.56836 0.11496 0.56547 -0.45017 -0.4492 0.45212 -0.27981 -0.11368 0.56836 -0.44643 0.57276 -0.12734 -0.40505 0.40842 0.50571 0.11623 0.50337 0.1156 0.11368 0.11875 -0.11845 -0.37666 -0.11239 -0.11432 0.46886 0.47114 0.46537 -0.1178 0.59254 -0.14996 -0.3693 0.85155 -0.11716 -0.079308 0.41451 -0.069805 -0.078519 -0.34185 0.41451 -0.080092 -0.41241
0.98223 -0.16839 0.56836 -0.81392 -0.81571 -0.17087 0.56836 1.0 0.19971 0.99494 -0.78897 -0.79193 0.79704 -0.4861 -0.18991 0.99492 -0.79408 0.98728 -0.21429 -0.71041 0.71629 0.88087 0.19448 0.8768 0.19334 0.18991 0.19898 0.65975 -0.66754 -0.1876 -0.19106 0.82365 0.82279 0.81994 0.66324 0.25696 0.54888 -0.65695 0.49846 0.6541 -0.17339 0.76689 -0.16741 -0.17217 -0.61584 0.76689 -0.17462 -0.76795
0.18522 -0.86018 0.11496 0.33561 0.32955 -0.88455 0.11496 0.19971 1.0 0.19324 0.43765 0.43671 -0.41882 0.24769 -0.97766 0.19971 0.41975 0.19819 -0.89251 0.39427 -0.37053 0.2028 0.95604 0.18959 0.93923 0.92165 0.91398 0.1114 0.37808 -0.94373 -0.96099 0.18959 0.19564 0.1951 0.12011 -0.62677 0.1501 0.39751 0.095538 0.11951 -0.89964 0.19617 -0.89498 -0.89362 0.37706 0.20324 -0.89498 -0.19726
0.98228 -0.1693 0.56547 -0.81342 -0.81522 -0.1718 0.56547 0.99494 0.19324 1.0 -0.79301 -0.79596 0.80109 -0.48857 -0.18337 0.99494 -0.79815 0.98736 -0.21543 -0.71406 0.71996 0.88542 0.19552 0.88133 0.19438 0.19093 0.20005 0.66887 -0.67134 -0.18098 -0.18456 0.8283 0.82265 0.81982 0.66609 0.25954 0.55092 -0.66076 0.49571 0.657 -0.16733 0.76673 -0.1614 -0.16607 -0.61947 0.76673 -0.16859 -0.76776
-0.78167 -0.37958 -0.45017 0.95094 0.94882 -0.39243 -0.45017 -0.78897 0.43765 -0.79301 1.0 0.99786 -0.99144 0.59986 -0.43277 -0.78897 0.9893 -0.7829 -0.35753 0.89671 -0.88735 -0.6824 0.41516 -0.68687 0.40576 0.398 0.38491 -0.53624 0.84731 -0.41382 -0.42137 -0.63809 -0.63354 -0.63127 -0.53403 -0.62496 -0.41048 0.84966 -0.39808 -0.52602 -0.39948 -0.58193 -0.40208 -0.39687 0.79923 -0.57754 -0.39547 0.58221
-0.78463 -0.37876 -0.4492 0.95321 0.9511 -0.3916 -0.4492 -0.79193 0.43671 -0.79596 0.99786 1.0 -0.9936 0.60118 -0.43185 -0.79193 0.99147 -0.7859 -0.35657 0.89864 -0.88931 -0.68506 0.41423 -0.68951 0.40484 0.39709 0.38398 -0.54084 0.84929 -0.41292 -0.42044 -0.64076 -0.63623 -0.63396 -0.53865 -0.62354 -0.41434 0.85164 -0.39713 -0.53066 -0.39853 -0.58454 -0.40113 -0.39593 0.80111 -0.58016 -0.39452 0.58482
0.78973 0.38123 0.45212 -0.9464 -0.9486 0.37148 0.45212 0.79704 -0.41882 0.80109 -0.99144 -0.9936 1.0 -0.60989 0.43463 0.79704 -0.99786 0.79096 0.34035 -0.89285 0.89602 0.69043 -0.39651 0.69491 -0.387 -0.39981 -0.3666 0.54438 -0.85593 0.41564 0.40242 0.64608 0.64152 0.63924 0.54218 0.61263 0.41817 -0.8457 0.4 0.53416 0.38145 0.58988 0.38414 0.37876 -0.79547 0.58548 0.37753 -0.59017
-0.48275 -0.22966 -0.27981 0.57336 0.57632 -0.2181 -0.27981 -0.4861 0.24769 -0.48857 0.59986 0.60118 -0.60989 1.0 -0.26508 -0.4861 0.60858 -0.4824 -0.2468 0.46156 -0.46808 -0.3446 0.22392 -0.34746 0.22223 0.23767 0.19089 -0.32768 0.43773 -0.25515 -0.23929 -0.30379 -0.30085 -0.29938 -0.32633 -0.3571 -0.16271 0.42683 -0.2258 -0.31926 -0.24205 -0.27808 -0.24365 -0.24044 0.4163 -0.27808 -0.23714 0.28107
-0.17528 0.86993 -0.11368 -0.32948 -0.33039 0.8578 -0.11368 -0.18991 -0.97766 -0.18337 -0.43277 -0.43185 0.43463 -0.26508 1.0 -0.19749 -0.43556 -0.19598 0.88237 -0.38988 0.38628 -0.20011 -0.94473 -0.18675 -0.92765 -0.94349 -0.90271 -0.1096 -0.39389 0.96584 0.94938 -0.18675 -0.19289 -0.19235 -0.11839 0.61945 -0.14809 -0.39308 -0.094046 -0.11781 0.88854 -0.19327 0.88394 0.88237 -0.37286 -0.2004 0.88394 0.19435
0.97716 -0.16839 0.56836 -0.8092 -0.811 -0.17087 0.56836 0.99492 0.19971 0.99494 -0.78897 -0.79193 0.79704 -0.4861 -0.19749 1.0 -0.79408 0.99238 -0.22123 -0.71041 0.71629 0.88572 0.20192 0.88163 0.20082 0.19749 0.2063 0.66604 -0.66754 -0.19525 -0.1986 0.82848 0.82763 0.82479 0.66955 0.25145 0.55448 -0.65695 0.49846 0.66043 -0.18063 0.77168 -0.17462 -0.17943 -0.61584 0.77168 -0.18182 -0.77273
-0.78678 -0.38206 -0.44643 0.94413 0.94633 -0.37231 -0.44643 -0.79408 0.41975 -0.79815 0.9893 0.99147 -0.99786 0.60858 -0.43556 -0.79408 1.0 -0.78797 -0.34131 0.89093 -0.89408 -0.68778 0.39743 -0.69228 0.38791 0.40073 0.36752 -0.54556 0.85396 -0.41656 -0.40334 -0.64342 -0.63884 -0.63655 -0.54336 -0.60899 -0.41945 0.84373 -0.39437 -0.53534 -0.3824 -0.58727 -0.38509 -0.37969 0.7936 -0.58287 -0.37847 0.58757
0.96948 -0.16701 0.57276 -0.80288 -0.80465 -0.16947 0.57276 0.98728 0.19819 0.98736 -0.7829 -0.7859 0.79096 -0.4824 -0.19598 0.99238 -0.78797 1.0 -0.21954 -0.70495 0.71077 0.87891 0.20038 0.87486 0.19929 0.19598 0.20473 0.65234 -0.66183 -0.19376 -0.19709 0.82151 0.82547 0.81774 0.6558 0.25585 0.54302 -0.65122 0.50264 0.64658 -0.17892 0.76478 -0.17288 -0.17773 -0.61038 0.76478 -0.18011 -0.76587
-0.20794 0.77604 -0.12734 -0.26502 -0.25953 0.79829 -0.12734 -0.21429 -0.89251 -0.21543 -0.35753 -0.35657 0.34035 -0.2468 0.88237 -0.22123 -0.34131 -0.21954 1.0 -0.33725 0.31579 -0.23521 -0.91275 -0.22319 -0.89756 -0.88237 -0.87262 -0.13714 -0.32288 0.86171 0.87715 -0.20341 -0.20219 -0.20158 -0.13649 0.57701 -0.16932 -0.3407 -0.080385 -0.12721 0.81898 -0.20424 0.81453 0.81358 -0.31884 -0.21077 0.81453 0.20548
-0.70313 -0.34138 -0.40505 0.8557 0.85379 -0.35354 -0.40505 -0.71041 0.39427 -0.71406 0.89671 0.89864 -0.89285 0.46156 -0.38988 -0.71041 0.89093 -0.70495 -0.33725 1.0 -0.99185 -0.80284 0.39863 -0.80654 0.38975 0.38308 0.36789 -0.49305 0.95296 -0.3786 -0.38531 -0.77188 -0.76811 -0.76623 -0.49109 -0.57854 -0.58656 0.95501 -0.3729 -0.48913 -0.37478 -0.70441 -0.37706 -0.37249 0.89949 -0.70012 -0.3706 0.70406
0.709 0.33677 0.40842 -0.84589 -0.84819 0.32694 0.40842 0.71629 -0.37053 0.71996 -0.88735 -0.88931 0.89602 -0.46808 0.38628 0.71629 -0.89408 0.71077 0.31579 -0.99185 1.0 0.80944 -0.37516 0.81317 -0.36614 -0.37947 -0.34489 0.49714 -0.95695 0.37489 0.36142 0.77846 0.77466 0.77277 0.49517 0.56374 0.59145 -0.94671 0.37627 0.49319 0.35215 0.71105 0.35455 0.34974 -0.89161 0.70675 0.34809 -0.71072
0.86865 -0.17468 0.50571 -0.70458 -0.70645 -0.17762 0.50571 0.88087 0.2028 0.88542 -0.6824 -0.68506 0.69043 -0.3446 -0.20011 0.88572 -0.68778 0.87891 -0.23521 -0.80284 0.80944 1.0 0.22674 0.99541 0.2255 0.22176 0.23165 0.61517 -0.76327 -0.21196 -0.21583 0.94479 0.94007 0.93772 0.61274 0.19174 0.73246 -0.75293 0.43859 0.60427 -0.1871 0.87291 -0.18164 -0.18569 -0.70742 0.87291 -0.1885 -0.87326
0.18756 -0.82638 0.11623 0.31405 0.30805 -0.85078 0.11623 0.19448 0.95604 0.19552 0.41516 0.41423 -0.39651 0.22392 -0.94473 0.20192 0.39743 0.20038 -0.91275 0.39863 -0.37516 0.22674 1.0 0.21363 0.98358 0.96694 0.95734 0.14084 0.38267 -0.94453 -0.96145 0.19239 0.19128 0.19073 0.14029 -0.65017 0.16849 0.40191 0.06549 0.13048 -0.90006 0.19203 -0.89539 -0.89415 0.38123 0.19904 -0.89539 -0.19315
0.86459 -0.15984 0.50337 -0.70922 -0.7111 -0.16297 0.50337 0.8768 0.18959 0.88133 -0.68687 -0.68951 0.69491 -0.34746 -0.18675 0.88163 -0.69228 0.87486 -0.22319 -0.80654 0.81317 0.99541 0.21363 1.0 0.22654 0.22278 0.23272 0.61233 -0.76709 -0.21298 -0.21687 0.94947 0.94479 0.94245 0.60991 0.19968 0.72906 -0.75676 0.44998 0.60146 -0.18827 0.87754 -0.18283 -0.18685 -0.71106 0.87754 -0.18967 -0.87786
0.18639 -0.80652 0.1156 0.30397 0.29793 -0.83132 0.1156 0.19334 0.93923 0.19438 0.40576 0.40484 -0.387 0.22223 -0.92765 0.20082 0.38791 0.19929 -0.89756 0.38975 -0.36614 0.2255 0.98358 0.22654 1.0 0.98341 0.96267 0.14007 0.38038 -0.961 -0.97786 0.20521 0.20413 0.2036 0.13953 -0.64661 0.16757 0.39971 0.085724 0.12967 -0.91579 0.20465 -0.91107 -0.9099 0.37914 0.21169 -0.91107 -0.20574
0.18285 -0.82037 0.11368 0.29434 0.29522 -0.8088 0.11368 0.18991 0.92165 0.19093 0.398 0.39709 -0.39981 0.23767 -0.94349 0.19749 0.40073 0.19598 -0.88237 0.38308 -0.37947 0.22176 0.96694 0.22278 0.98341 1.0 0.94637 0.13775 0.39389 -0.97725 -0.96063 0.20116 0.20011 0.19958 0.13721 -0.63589 0.16479 0.39308 0.083349 0.12724 -0.89932 0.2004 -0.89468 -0.8932 0.37286 0.20754 -0.89468 -0.20148
0.1922 -0.7847 0.11875 0.28572 0.27983 -0.80891 0.11875 0.19898 0.91398 0.20005 0.38491 0.38398 -0.3666 0.19089 -0.90271 0.2063 0.36752 0.20473 -0.87262 0.36789 -0.34489 0.23165 0.95734 0.23272 0.96267 0.94637 1.0 0.1439 0.35228 -0.9244 -0.94096 0.21184 0.21074 0.21019 0.14333 -0.61665 0.17215 0.37118 0.089598 0.13366 -0.88036 0.21159 -0.87575 -0.87458 0.35037 0.21849 -0.87575 -0.21272
0.66431 -0.10268 -0.10946 -0.55678 -0.55803 -0.10457 -0.11845 0.65975 0.1114 0.66887 -0.53624 -0.54084 0.54438 -0.32768 -0.1096 0.66604 -0.54556 0.65234 -0.13714 -0.49305 0.49714 0.61517 0.14084 0.61233 0.14007 0.13775 0.1439 1.0 -0.50383 -0.12672 -0.12919 0.61831 0.60918 0.61061 0.9961 -0.2098 0.82896 -0.49714 -0.14766 0.97653 -0.13721 0.58982 -0.138 -0.13642 -0.47132 0.58982 -0.138 -0.58714
-0.66032 -0.34495 -0.37666 0.80533 0.8076 -0.33504 -0.37666 -0.66754 0.37808 -0.67134 0.84731 0.84929 -0.85593 0.43773 -0.39389 -0.66754 0.85396 -0.66183 -0.32288 0.95296 -0.95695 -0.76327 0.38267 -0.76709 0.38038 0.39389 0.35228 -0.50383 1.0 -0.38942 -0.37578 -0.81484 -0.8111 -0.80923 -0.50186 -0.60458 -0.60274 0.98975 -0.41579 -0.4999 -0.36598 -0.74711 -0.36833 -0.36361 0.93439 -0.74281 -0.36186 0.74244
-0.17282 0.82995 -0.11239 -0.3091 -0.30998 0.8183 -0.11239 -0.1876 -0.94373 -0.18098 -0.41382 -0.41292 0.41564 -0.25515 0.96584 -0.19525 -0.41656 -0.19376 0.86171 -0.3786 0.37489 -0.21196 -0.94453 -0.21298 -0.961 -0.97725 -0.9244 -0.12672 -0.38942 1.0 0.98311 -0.21298 -0.21924 -0.21874 -0.13566 0.62868 -0.16293 -0.38863 -0.11413 -0.13512 0.92088 -0.21915 0.91616 0.91473 -0.36863 -0.22635 0.91616 0.22018
-0.1765 0.81569 -0.11432 -0.31856 -0.31246 0.84074 -0.11432 -0.19106 -0.96099 -0.18456 -0.42137 -0.42044 0.40242 -0.23929 0.94938 -0.1986 -0.40334 -0.19709 0.87715 -0.38531 0.36142 -0.21583 -0.96145 -0.21687 -0.97786 -0.96063 -0.94096 -0.12919 -0.37578 0.98311 1.0 -0.21687 -0.22301 -0.2225 -0.13799 0.63948 -0.16572 -0.3953 -0.11609 -0.13745 0.93703 -0.22313 0.93223 0.93112 -0.37496 -0.23024 0.93223 0.22418
0.8115 -0.15984 0.46886 -0.65992 -0.66178 -0.16297 0.46886 0.82365 0.18959 0.8283 -0.63809 -0.64076 0.64608 -0.30379 -0.18675 0.82848 -0.64342 0.82151 -0.20341 -0.77188 0.77846 0.94479 0.19239 0.94947 0.20521 0.20116 0.21184 0.61831 -0.81484 -0.21298 -0.21687 1.0 0.99541 0.99312 0.6159 0.24683 0.73971 -0.80449 0.51136 0.61349 -0.18827 0.92758 -0.18283 -0.18685 -0.75841 0.92758 -0.18967 -0.92329
0.8058 -0.15885 0.47114 -0.6552 -0.65705 -0.16198 0.47114 0.82279 0.19564 0.82265 -0.63354 -0.63623 0.64152 -0.30085 -0.19289 0.82763 -0.63884 0.82547 -0.20219 -0.76811 0.77466 0.94007 0.19128 0.94479 0.20413 0.20011 0.21074 0.60918 -0.8111 -0.21924 -0.22301 0.99541 1.0 0.99308 0.61274 0.24421 0.73779 -0.80074 0.51373 0.61029 -0.19398 0.92759 -0.1885 -0.1926 -0.75485 0.92759 -0.19536 -0.92331
0.80294 -0.15836 0.46537 -0.65284 -0.65468 -0.16148 0.46537 0.81994 0.1951 0.81982 -0.63127 -0.63396 0.63924 -0.29938 -0.19235 0.82479 -0.63655 0.81774 -0.20158 -0.76623 0.77277 0.93772 0.19073 0.94245 0.2036 0.19958 0.21019 0.61061 -0.80923 -0.21874 -0.2225 0.99312 0.99308 1.0 0.61416 0.24027 0.7395 -0.79887 0.50809 0.61171 -0.19341 0.92533 -0.18791 -0.19203 -0.75307 0.92533 -0.19478 -0.92105
0.66151 -0.10214 -0.10879 -0.55449 -0.55573 -0.10403 -0.1178 0.66324 0.12011 0.66609 -0.53403 -0.53865 0.54218 -0.32633 -0.11839 0.66955 -0.54336 0.6558 -0.13649 -0.49109 0.49517 0.61274 0.14029 0.60991 0.13953 0.13721 0.14333 0.9961 -0.50186 -0.13566 -0.13799 0.6159 0.61274 0.61416 1.0 -0.21578 0.83263 -0.49517 -0.14708 0.98037 -0.14559 0.59338 -0.14634 -0.14484 -0.46944 0.59338 -0.14634 -0.5907
0.24999 0.54191 0.58467 -0.55277 -0.5491 0.55881 0.59254 0.25696 -0.62677 0.25954 -0.62496 -0.62354 0.61263 -0.3571 0.61945 0.25145 -0.60899 0.25585 0.57701 -0.57854 0.56374 0.19174 -0.65017 0.19968 -0.64661 -0.63589 -0.61665 -0.2098 -0.60458 0.62868 0.63948 0.24683 0.24421 0.24027 -0.21578 1.0 -0.25916 -0.61817 0.67386 -0.20808 0.61985 0.2054 0.62353 0.61615 -0.58144 0.20022 0.61572 -0.20291
0.54711 -0.12914 -0.14196 -0.4326 -0.43394 -0.13134 -0.14996 0.54888 0.1501 0.55092 -0.41048 -0.41434 0.41817 -0.16271 -0.14809 0.55448 -0.41945 0.54302 -0.16932 -0.58656 0.59145 0.73246 0.16849 0.72906 0.16757 0.16479 0.17215 0.82896 -0.60274 -0.16293 -0.16572 0.73971 0.73779 0.7395 0.83263 -0.25916 1.0 -0.59648 -0.17665 0.8224 -0.15893 0.70398 -0.15989 -0.15796 -0.56557 0.70398 -0.15989 -0.70077
-0.64974 -0.34423 -0.3693 0.80779 0.80583 -0.35645 -0.3693 -0.65695 0.39751 -0.66076 0.84966 0.85164 -0.8457 0.42683 -0.39308 -0.65695 0.84373 -0.65122 -0.3407 0.95501 -0.94671 -0.75293 0.40191 -0.75676 0.39971 0.39308 0.37118 -0.49714 0.98975 -0.38863 -0.3953 -0.80449 -0.80074 -0.79887 -0.49517 -0.61817 -0.59648 1.0 -0.41492 -0.49319 -0.38462 -0.74113 -0.38689 -0.38234 0.94041 -0.73683 -0.38042 0.73646
0.47559 -0.068112 0.8413 -0.40145 -0.40245 -0.069902 0.85155 0.49846 0.095538 0.49571 -0.39808 -0.39713 0.4 -0.2258 -0.094046 0.49846 -0.39437 0.50264 -0.080385 -0.3729 0.37627 0.43859 0.06549 0.44998 0.085724 0.083349 0.089598 -0.14766 -0.41579 -0.11413 -0.11609 0.51136 0.51373 0.50809 -0.14708 0.67386 -0.17665 -0.41492 1.0 -0.13758 -0.08167 0.4637 -0.072298 -0.080873 -0.3869 0.4637 -0.082462 -0.4615
0.65239 -0.1016 -0.10812 -0.54634 -0.54757 -0.10349 -0.11716 0.6541 0.11951 0.657 -0.52602 -0.53066 0.53416 -0.31926 -0.11781 0.66043 -0.53534 0.64658 -0.12721 -0.48913 0.49319 0.60427 0.13048 0.60146 0.12967 0.12724 0.13366 0.97653 -0.4999 -0.13512 -0.13745 0.61349 0.61029 0.61171 0.98037 -0.20808 0.8224 -0.49319 -0.13758 1.0 -0.14502 0.59697 -0.14577 -0.14427 -0.4732 0.59697 -0.14577 -0.59429
-0.15953 0.76049 -0.079308 -0.30205 -0.29626 0.7845 -0.079308 -0.17339 -0.89964 -0.16733 -0.39948 -0.39853 0.38145 -0.24205 0.88854 -0.18063 -0.3824 -0.17892 0.81898 -0.37478 0.35215 -0.1871 -0.90006 -0.18827 -0.91579 -0.89932 -0.88036 -0.13721 -0.36598 0.92088 0.93703 -0.18827 -0.19398 -0.19341 -0.14559 0.61985 -0.15893 -0.38462 -0.08167 -0.14502 1.0 -0.24293 0.99489 0.99485 -0.39562 -0.24293 0.98464 0.23722
0.75008 -0.15791 0.41451 -0.60392 -0.60577 -0.16121 0.41451 0.76689 0.19617 0.76673 -0.58193 -0.58454 0.58988 -0.27808 -0.19327 0.77168 -0.58727 0.76478 -0.20424 -0.70441 0.71105 0.87291 0.19203 0.87754 0.20465 0.2004 0.21159 0.58982 -0.74711 -0.21915 -0.22313 0.92758 0.92759 0.92533 0.59338 0.2054 0.70398 -0.74113 0.4637 0.59697 -0.24293 1.0 -0.23739 -0.24168 -0.79267 0.99549 -0.23739 -0.98652
-0.15361 0.75651 -0.069805 -0.30519 -0.29944 0.78041 -0.069805 -0.16741 -0.89498 -0.1614 -0.40208 -0.40113 0.38414 -0.24365 0.88394 -0.17462 -0.38509 -0.17288 0.81453 -0.37706 0.35455 -0.18164 -0.89539 -0.18283 -0.91107 -0.89468 -0.87575 -0.138 -0.36833 0.91616 0.93223 -0.18283 -0.1885 -0.18791 -0.14634 0.62353 -0.15989 -0.38689 -0.072298 -0.14577 0.99489 -0.23739 1.0 0.98977 -0.39765 -0.23739 0.97959 0.23174
-0.15824 0.75265 -0.078519 -0.29889 -0.29307 0.7769 -0.078519 -0.17217 -0.89362 -0.16607 -0.39687 -0.39593 0.37876 -0.24044 0.88237 -0.17943 -0.37969 -0.17773 0.81358 -0.37249 0.34974 -0.18569 -0.89415 -0.18685 -0.9099 -0.8932 -0.87458 -0.13642 -0.36361 0.91473 0.93112 -0.18685 -0.1926 -0.19203 -0.14484 0.61615 -0.15796 -0.38234 -0.080873 -0.14427 0.99485 -0.24168 0.98977 1.0 -0.39358 -0.24168 0.97948 0.24277
-0.60861 -0.32619 -0.34185 0.75908 0.75722 -0.3381 -0.34185 -0.61584 0.37706 -0.61947 0.79923 0.80111 -0.79547 0.4163 -0.37286 -0.61584 0.7936 -0.61038 -0.31884 0.89949 -0.89161 -0.70742 0.38123 -0.71106 0.37914 0.37286 0.35037 -0.47132 0.93439 -0.36863 -0.37496 -0.75841 -0.75485 -0.75307 -0.46944 -0.58144 -0.56557 0.94041 -0.3869 -0.4732 -0.39562 -0.79267 -0.39765 -0.39358 1.0 -0.79267 -0.39124 0.78773
0.75008 -0.16573 0.41451 -0.59948 -0.60133 -0.16894 0.41451 0.76689 0.20324 0.76673 -0.57754 -0.58016 0.58548 -0.27808 -0.2004 0.77168 -0.58287 0.76478 -0.21077 -0.70012 0.70675 0.87291 0.19904 0.87754 0.21169 0.20754 0.21849 0.58982 -0.74281 -0.22635 -0.23024 0.92758 0.92759 0.92533 0.59338 0.20022 0.70398 -0.73683 0.4637 0.59697 -0.24293 0.99549 -0.23739 -0.24168 -0.79267 1.0 -0.24417 -0.99101
-0.16081 0.75651 -0.080092 -0.29851 -0.29276 0.78041 -0.080092 -0.17462 -0.89498 -0.16859 -0.39547 -0.39452 0.37753 -0.23714 0.88394 -0.18182 -0.37847 -0.18011 0.81453 -0.3706 0.34809 -0.1885 -0.89539 -0.18967 -0.91107 -0.89468 -0.87575 -0.138 -0.36186 0.91616 0.93223 -0.18967 -0.19536 -0.19478 -0.14634 0.61572 -0.15989 -0.38042 -0.082462 -0.14577 0.98464 -0.23739 0.97959 0.97948 -0.39124 -0.24417 1.0 0.23851
-0.75115 0.15891 -0.41241 0.60433 0.60619 0.16221 -0.41241 -0.76795 -0.19726 -0.76776 0.58221 0.58482 -0.59017 0.28107 0.19435 -0.77273 0.58757 -0.76587 0.20548 0.70406 -0.71072 -0.87326 -0.19315 -0.87786 -0.20574 -0.20148 -0.21272 -0.58714 0.74244 0.22018 0.22418 -0.92329 -0.92331 -0.92105 -0.5907 -0.20291 -0.70077 0.73646 -0.4615 -0.59429 0.23722 -0.98652 0.23174 0.24277 0.78773 -0.99101 0.23851 1.0
