1.0 -0.314 0.67089 -0.67419 -0.67419 -0.34712 0.67428 0.95411 0.43227 0.95784 -0.63647 -0.65723 0.66789 -0.2153 -0.40281 0.95584 -0.66 0.94476 -0.42448 -0.60815 0.61671 0.9131 0.43163 0.89489 0.45433 0.45292 0.45574 0.34394 -0.58104 -0.42734 -0.42365 0.86505 0.86505 0.86728 0.33828 0.21945 0.39141 -0.57812 0.59907 0.34608 -0.41268 0.85174 -0.41415 -0.37087 -0.56944 0.80287 -0.34032 -0.80178
-0.314 1.0 -0.21492 -0.25706 -0.25706 0.90398 -0.21601 -0.30444 -0.7001 -0.28535 -0.25686 -0.26332 0.26747 -0.087549 0.72588 -0.28471 -0.25476 -0.29544 0.6559 -0.2344 0.23776 -0.30836 -0.67699 -0.309 -0.64269 -0.64473 -0.64067 -0.13747 -0.22715 0.68387 0.68156 -0.32241 -0.32241 -0.32313 -0.13747 0.34353 -0.1651 -0.22771 -0.20482 -0.15229 0.67474 -0.31814 0.6725 0.7449 -0.22771 -0.33848 0.83052 0.34073
0.67089 -0.21492 1.0 -0.45231 -0.45231 -0.23288 0.96978 0.65532 0.2968 0.67316 -0.45849 -0.46947 0.47653 -0.15019 -0.27382 0.67453 -0.44371 0.64009 -0.28824 -0.40895 0.41469 0.61616 0.293 0.60394 0.30813 0.30719 0.30907 -0.23216 -0.38686 -0.29015 -0.28535 0.583 0.583 0.58181 -0.23216 0.55464 -0.24361 -0.38781 0.85165 -0.22571 -0.28824 0.58568 -0.2892 -0.26093 -0.38781 0.55292 -0.24008 -0.5495
-0.67419 -0.25706 -0.45231 1.0 0.99567 -0.27948 -0.45459 -0.64575 0.35884 -0.6591 0.9637 0.91983 -0.93157 0.31425 -0.3359 -0.65775 0.90885 -0.63104 -0.16078 0.83453 -0.84311 -0.65822 0.1686 -0.63552 0.19289 0.19655 0.18924 -0.30227 0.86956 -0.16392 -0.16548 -0.66703 -0.67118 -0.67269 -0.30227 -0.55299 -0.30345 0.86715 -0.4619 -0.2746 -0.17015 -0.65805 -0.16641 -0.2825 0.85814 -0.58442 -0.24597 0.58494
-0.67419 -0.25706 -0.45231 0.99567 1.0 -0.27948 -0.45459 -0.64575 0.35884 -0.6591 0.9637 0.92411 -0.93157 0.32316 -0.3359 -0.65775 0.9132 -0.63104 -0.16078 0.83453 -0.84311 -0.65822 0.1686 -0.63552 0.19289 0.1914 0.18924 -0.30227 0.86956 -0.16392 -0.16548 -0.66703 -0.67118 -0.67269 -0.30227 -0.55299 -0.30345 0.86715 -0.4619 -0.2746 -0.16485 -0.65805 -0.16113 -0.27687 0.85814 -0.58442 -0.2399 0.58494
-0.34712 0.90398 -0.23288 -0.27948 -0.27948 1.0 -0.23406 -0.33079 -0.76957 -0.31374 -0.28636 -0.18912 0.18784 -0.08211 0.66009 -0.31304 -0.17745 -0.32555 0.60841 -0.15912 0.16323 -0.33954 -0.6277 -0.34114 -0.71159 -0.70645 -0.70937 -0.15866 -0.25358 0.75678 0.75424 -0.35477 -0.35477 -0.35554 -0.15866 0.38684 -0.18846 -0.25417 -0.21939 -0.175 0.73918 -0.35014 0.73673 0.81572 -0.25417 -0.37219 0.90916 0.37463
0.67428 -0.21601 0.96978 -0.45459 -0.45459 -0.23406 1.0 0.6589 0.2983 0.6766 -0.46084 -0.47188 0.47897 -0.15095 -0.2752 0.67797 -0.44599 0.64335 -0.2897 -0.41106 0.41682 0.6193 0.29448 0.60702 0.30968 0.30874 0.31063 -0.23347 -0.38892 -0.29161 -0.28684 0.58604 0.58604 0.58485 -0.23347 0.56688 -0.25637 -0.38988 0.86623 -0.23307 -0.28974 0.58877 -0.2907 -0.26229 -0.38988 0.55584 -0.24129 -0.55241
0.95411 -0.30444 0.65532 -0.64575 -0.64575 -0.33079 0.6589 1.0 0.42414 0.976 -0.66563 -0.68562 0.6958 -0.21721 -0.39064 0.97394 -0.64847 0.92414 -0.41167 -0.59838 0.60664 0.89355 0.41861 0.87588 0.44064 0.43927 0.44201 0.36324 -0.57188 -0.41445 -0.4107 0.84652 0.84652 0.84882 0.35757 0.23353 0.36357 -0.5689 0.60341 0.31512 -0.39955 0.83282 -0.40097 -0.35893 -0.56019 0.78541 -0.3296 -0.78449
0.43227 -0.7001 0.2968 0.35884 0.35884 -0.76957 0.2983 0.42414 1.0 0.41769 0.36759 0.28814 -0.28377 0.11009 -0.92257 0.41681 0.27132 0.43522 -0.74353 0.24644 -0.24608 0.36229 0.76191 0.36688 0.81963 0.81607 0.81696 0.07381 0.32317 -0.7509 -0.74811 0.29098 0.28594 0.28692 0.066677 -0.39978 0.13134 0.32393 0.20008 0.10948 -0.73344 0.28511 -0.73074 -0.81756 0.32393 0.31291 -0.7352 -0.3109
0.95784 -0.28535 0.67316 -0.6591 -0.6591 -0.31374 0.6766 0.976 0.41769 1.0 -0.67928 -0.69959 0.70998 -0.22163 -0.40406 0.99799 -0.66168 0.94716 -0.42534 -0.61057 0.619 0.91584 0.43237 0.89781 0.45468 0.4533 0.45607 0.3541 -0.58373 -0.42815 -0.42443 0.86813 0.86813 0.87039 0.34843 0.25346 0.35248 -0.58079 0.63678 0.30484 -0.41337 0.8547 -0.41481 -0.37229 -0.5721 0.80634 -0.34257 -0.8053
-0.63647 -0.25686 -0.45849 0.9637 0.9637 -0.28636 -0.46084 -0.66563 0.36759 -0.67928 1.0 0.9514 -0.95838 0.31545 -0.34395 -0.67791 0.89483 -0.607 -0.17582 0.82252 -0.83079 -0.63489 0.18371 -0.61279 0.20825 0.20674 0.20465 -0.30969 0.85788 -0.17899 -0.18057 -0.64455 -0.64867 -0.65022 -0.30969 -0.57979 -0.25706 0.85545 -0.47828 -0.2252 -0.18002 -0.63536 -0.17634 -0.29064 0.84649 -0.56344 -0.25333 0.56408
-0.65723 -0.26332 -0.46947 0.91983 0.92411 -0.18912 -0.47188 -0.68562 0.28814 -0.69959 0.9514 1.0 -0.98537 0.3168 -0.35208 -0.69818 0.9458 -0.62876 -0.18019 0.87276 -0.85851 -0.65729 0.18827 -0.65216 0.13213 0.13044 0.12874 -0.31719 0.81564 -0.099152 -0.10094 -0.66779 -0.67189 -0.67347 -0.31719 -0.53278 -0.26705 0.8132 -0.49472 -0.23461 -0.10104 -0.65838 -0.097598 -0.20429 0.8043 -0.58819 -0.15886 0.58898
0.66789 0.26747 0.47653 -0.93157 -0.93157 0.18784 0.47897 0.6958 -0.28377 0.70998 -0.95838 -0.98537 1.0 -0.31217 0.35731 0.70855 -0.93197 0.64005 0.18108 -0.85999 0.87186 0.669 -0.18408 0.64783 -0.1288 -0.13215 -0.12547 0.322 -0.82555 0.10039 0.1022 0.68003 0.68412 0.68572 0.322 0.5408 0.27342 -0.82309 0.50239 0.2406 0.10761 0.67048 0.1042 0.20986 -0.81422 0.60136 0.16397 -0.59814
-0.2153 -0.087549 -0.15019 0.31425 0.32316 -0.08211 -0.15095 -0.21721 0.11009 -0.22163 0.31545 0.3168 -0.31217 1.0 -0.11154 -0.22119 0.33495 -0.23301 0.27889 0.033069 -0.029751 -0.242 -0.27289 -0.24686 -0.25494 -0.25601 -0.25387 -0.10232 0.040396 0.27646 0.27527 -0.25181 -0.25181 -0.25232 -0.10232 0.065625 -0.12628 0.039825 -0.16239 -0.1178 0.27172 -0.24883 0.27055 -0.016176 0.039825 -0.023819 0.0019837 0.016758
-0.40281 0.72588 -0.27382 -0.3359 -0.3359 0.66009 -0.2752 -0.39064 -0.92257 -0.40406 -0.34395 -0.35208 0.35731 -0.11154 1.0 -0.40325 -0.333 -0.4248 0.79933 -0.30728 0.31152 -0.34567 -0.81253 -0.34925 -0.77033 -0.77284 -0.76784 -0.051373 -0.29815 0.69824 0.69566 -0.26807 -0.26276 -0.26367 -0.043863 0.36631 -0.11233 -0.29885 -0.19198 -0.091776 0.68801 -0.26265 0.6855 0.76635 -0.29885 -0.28829 0.66731 0.2911
0.95584 -0.28471 0.67453 -0.65775 -0.65775 -0.31304 0.67797 0.97394 0.41681 0.99799 -0.67791 -0.69818 0.70855 -0.22119 -0.40325 1.0 -0.66035 0.94925 -0.42448 -0.60935 0.61775 0.914 0.4315 0.89601 0.45377 0.45239 0.45516 0.355 -0.58254 -0.42729 -0.42356 0.87036 0.87036 0.86862 0.34934 0.25146 0.35358 -0.57959 0.63824 0.30586 -0.4176 0.8569 -0.41902 -0.37693 -0.5709 0.80864 -0.34185 -0.80762
-0.66 -0.25476 -0.44371 0.90885 0.9132 -0.17745 -0.44599 -0.64847 0.27132 -0.66168 0.89483 0.9458 -0.93197 0.33495 -0.333 -0.66035 1.0 -0.69565 -0.15724 0.92277 -0.90881 -0.72248 0.16501 -0.71619 0.10667 0.10504 0.10315 -0.30548 0.86369 -0.074803 -0.076532 -0.73098 -0.73514 -0.73664 -0.30548 -0.488 -0.37701 0.8613 -0.46667 -0.3517 -0.07638 -0.72207 -0.072802 -0.18358 0.85227 -0.64791 -0.13988 0.6484
0.94476 -0.29544 0.64009 -0.63104 -0.63104 -0.32555 0.64335 0.92414 0.43522 0.94716 -0.607 -0.62876 0.64005 -0.23301 -0.4248 0.94925 -0.69565 1.0 -0.44718 -0.64192 0.65078 0.96287 0.45457 0.94391 0.47803 0.47657 0.47949 0.33764 -0.61418 -0.45014 -0.44651 0.91736 0.91736 0.91552 0.332 0.19978 0.45343 -0.61133 0.6014 0.41323 -0.44081 0.90457 -0.44231 -0.39802 -0.60268 0.85373 -0.36081 -0.85243
-0.42448 0.6559 -0.28824 -0.16078 -0.16078 0.60841 -0.2897 -0.41167 -0.74353 -0.42534 -0.17582 -0.18019 0.18108 0.27889 0.79933 -0.42448 -0.15724 -0.44718 1.0 -0.32347 0.32793 -0.46442 -0.98375 -0.46862 -0.93546 -0.93196 -0.93262 -0.19637 -0.31385 0.8747 0.87169 -0.39088 -0.38575 -0.3867 -0.18911 0.48616 -0.24235 -0.31459 -0.21097 -0.22608 0.85626 -0.38516 0.85335 0.75224 -0.31459 -0.2684 0.66031 0.26619
-0.60815 -0.2344 -0.40895 0.83453 0.83453 -0.15912 -0.41106 -0.59838 0.24644 -0.61057 0.82252 0.87276 -0.85999 0.033069 -0.30728 -0.60935 0.92277 -0.64192 -0.32347 1.0 -0.98639 -0.66668 0.32881 -0.65871 0.26109 0.25988 0.25701 -0.28189 0.93777 -0.23775 -0.239 -0.67236 -0.67664 -0.67802 -0.28189 -0.57989 -0.34789 0.93544 -0.42874 -0.32454 -0.23729 -0.66414 -0.2331 -0.20109 0.92616 -0.7034 -0.16321 0.70774
0.61671 0.23776 0.41469 -0.84311 -0.84311 0.16323 0.41682 0.60664 -0.24608 0.619 -0.83079 -0.85851 0.87186 -0.029751 0.31152 0.61775 -0.90881 0.65078 0.32793 -0.98639 1.0 0.67588 -0.32792 0.65119 -0.26101 -0.25978 -0.25698 0.28578 -0.94783 0.24268 0.24394 0.68204 0.68629 0.68769 0.28578 0.58949 0.35269 -0.94547 0.435 0.32902 0.24229 0.6737 0.23815 0.20571 -0.93624 0.7135 0.16745 -0.71365
0.9131 -0.30836 0.61616 -0.65822 -0.65822 -0.33954 0.6193 0.89355 0.36229 0.91584 -0.63489 -0.65729 0.669 -0.242 -0.34567 0.914 -0.72248 0.96287 -0.46442 -0.66668 0.67588 1.0 0.4721 0.98031 0.49647 0.49495 0.49798 0.42283 -0.63822 -0.4675 -0.46393 0.94908 0.94908 0.95115 0.4172 0.16656 0.52183 -0.63543 0.57567 0.4868 -0.45335 0.93675 -0.45492 -0.40862 -0.62679 0.88395 -0.37519 -0.88243
0.43163 -0.67699 0.293 0.1686 0.1686 -0.6277 0.29448 0.41861 0.76191 0.43237 0.18371 0.18827 -0.18408 -0.27289 -0.81253 0.4315 0.16501 0.45457 -0.98375 0.32881 -0.32792 0.4721 1.0 0.4765 0.95092 0.94753 0.94803 0.19962 0.31904 -0.8858 -0.88275 0.39981 0.39473 0.3957 0.19243 -0.48911 0.24636 0.31979 0.21715 0.22982 -0.86726 0.39399 -0.8643 -0.76653 0.31979 0.27916 -0.67824 -0.27197
0.89489 -0.309 0.60394 -0.63552 -0.63552 -0.34114 0.60702 0.87588 0.36688 0.89781 -0.61279 -0.65216 0.64783 -0.24686 -0.34925 0.89601 -0.71619 0.94391 -0.46862 -0.65871 0.65119 0.98031 0.4765 1.0 0.50151 0.49996 0.50306 0.4145 -0.61232 -0.47178 -0.46825 0.92862 0.92862 0.93064 0.40887 0.15109 0.51156 -0.6096 0.56248 0.47721 -0.4578 0.91653 -0.45941 -0.41187 -0.60096 0.8626 -0.37715 -0.86095
0.45433 -0.64269 0.30813 0.19289 0.19289 -0.71159 0.30968 0.44064 0.81963 0.45468 0.20825 0.13213 -0.1288 -0.25494 -0.77033 0.45377 0.10667 0.47803 -0.93546 0.26109 -0.26101 0.49647 0.95092 0.50151 1.0 0.99695 0.99696 0.20992 0.33551 -0.94165 -0.93842 0.42791 0.42299 0.42401 0.20294 -0.51477 0.25907 0.33629 0.2365 0.24168 -0.9226 0.4218 -0.91947 -0.83312 0.33629 0.31269 -0.75754 -0.30597
0.45292 -0.64473 0.30719 0.19655 0.1914 -0.70645 0.30874 0.43927 0.81607 0.4533 0.20674 0.13044 -0.13215 -0.25601 -0.77284 0.45239 0.10504 0.47657 -0.93196 0.25988 -0.25978 0.49495 0.94753 0.49996 0.99695 1.0 0.99391 0.20928 0.33448 -0.93819 -0.93497 0.42618 0.42124 0.42226 0.20229 -0.51317 0.25828 0.33527 0.2353 0.24094 -0.92546 0.42008 -0.92234 -0.83571 0.33527 0.31063 -0.75988 -0.30388
0.45574 -0.64067 0.30907 0.18924 0.18924 -0.70937 0.31063 0.44201 0.81696 0.45607 0.20465 0.12874 -0.12547 -0.25387 -0.76784 0.45516 0.10315 0.47949 -0.93262 0.25701 -0.25698 0.49798 0.94803 0.50306 0.99696 0.99391 1.0 0.21056 0.33118 -0.93879 -0.93556 0.42965 0.42473 0.42576 0.2036 -0.51145 0.25986 0.33198 0.23769 0.24242 -0.91975 0.42352 -0.91663 -0.83054 0.33198 0.31474 -0.75521 -0.30805
0.34394 -0.13747 -0.23216 -0.30227 -0.30227 -0.15866 -0.23347 0.36324 0.07381 0.3541 -0.30969 -0.31719 0.322 -0.10232 -0.051373 0.355 -0.30548 0.33764 -0.19637 -0.28189 0.28578 0.42283 0.19962 0.4145 0.20992 0.20928 0.21056 1.0 -0.27351 -0.19767 -0.19832 0.40634 0.40634 0.40553 0.99203 -0.39829 0.80333 -0.27415 -0.26545 0.84684 -0.18591 0.3887 -0.18659 -0.16663 -0.26193 0.36637 -0.1471 -0.36403
-0.58104 -0.22715 -0.38686 0.86956 0.86956 -0.25358 -0.38892 -0.57188 0.32317 -0.58373 0.85788 0.81564 -0.82555 0.040396 -0.29815 -0.58254 0.86369 -0.61418 -0.31385 0.93777 -0.94783 -0.63822 0.31904 -0.61232 0.33551 0.33448 0.33118 -0.27351 1.0 -0.31593 -0.31697 -0.66878 -0.67311 -0.67445 -0.27351 -0.64558 -0.33755 0.99766 -0.43407 -0.31489 -0.31456 -0.6608 -0.31011 -0.28487 0.98827 -0.69892 -0.25509 0.70315
-0.42734 0.68387 -0.29015 -0.16392 -0.16392 0.75678 -0.29161 -0.41445 -0.7509 -0.42815 -0.17899 -0.099152 0.10039 0.27646 0.69824 -0.42729 -0.074803 -0.45014 0.8747 -0.23775 0.24268 -0.4675 -0.8858 -0.47178 -0.94165 -0.93819 -0.93879 -0.19767 -0.31593 1.0 0.99673 -0.48646 -0.48135 -0.48232 -0.19044 0.48937 -0.24395 -0.31667 -0.31371 -0.22758 0.98054 -0.48069 0.97737 0.88557 -0.31667 -0.36488 0.80501 0.36276
-0.42365 0.68156 -0.28535 -0.16548 -0.16548 0.75424 -0.28684 -0.4107 -0.74811 -0.42443 -0.18057 -0.10094 0.1022 0.27527 0.69566 -0.42356 -0.076532 -0.44651 0.87169 -0.239 0.24394 -0.46393 -0.88275 -0.46825 -0.93842 -0.93497 -0.93556 -0.19832 -0.31697 0.99673 1.0 -0.48296 -0.47786 -0.47883 -0.1911 0.49098 -0.24476 -0.31771 -0.30918 -0.22832 0.97729 -0.47717 0.97413 0.88263 -0.31771 -0.36174 0.80235 0.35963
0.86505 -0.32241 0.583 -0.66703 -0.66703 -0.35477 0.58604 0.84652 0.29098 0.86813 -0.64455 -0.66779 0.68003 -0.25181 -0.26807 0.87036 -0.73098 0.91736 -0.39088 -0.67236 0.68204 0.94908 0.39981 0.92862 0.42791 0.42618 0.42965 0.40634 -0.66878 -0.48646 -0.48296 1.0 0.99602 0.99404 0.40071 0.21126 0.50149 -0.66605 0.64487 0.46782 -0.47763 0.98416 -0.47926 -0.43147 -0.65741 0.92924 -0.39088 -0.9275
0.86505 -0.32241 0.583 -0.67118 -0.67118 -0.35477 0.58604 0.84652 0.28594 0.86813 -0.64867 -0.67189 0.68412 -0.25181 -0.26276 0.87036 -0.73514 0.91736 -0.38575 -0.67664 0.68629 0.94908 0.39473 0.92862 0.42299 0.42124 0.42473 0.40634 -0.67311 -0.48135 -0.47786 0.99602 1.0 0.99801 0.40634 0.21523 0.50149 -0.67037 0.64487 0.46782 -0.47256 0.98416 -0.4742 -0.42608 -0.66173 0.92924 -0.39088 -0.9275
0.86728 -0.32313 0.58181 -0.67269 -0.67269 -0.35554 0.58485 0.84882 0.28692 0.87039 -0.65022 -0.67347 0.68572 -0.25232 -0.26367 0.86862 -0.73664 0.91552 -0.3867 -0.67802 0.68769 0.95115 0.3957 0.93064 0.42401 0.42226 0.42576 0.40553 -0.67445 -0.48232 -0.47883 0.99404 0.99801 1.0 0.40553 0.21728 0.50049 -0.67171 0.64359 0.46689 -0.46847 0.9822 -0.47012 -0.42157 -0.66308 0.92716 -0.39168 -0.92541
0.33828 -0.13747 -0.23216 -0.30227 -0.30227 -0.15866 -0.23347 0.35757 0.066677 0.34843 -0.30969 -0.31719 0.322 -0.10232 -0.043863 0.34934 -0.30548 0.332 -0.18911 -0.28189 0.28578 0.4172 0.19243 0.40887 0.20294 0.20229 0.2036 0.99203 -0.27351 -0.19044 -0.1911 0.40071 0.40634 0.40553 1.0 -0.39829 0.80333 -0.27415 -0.27158 0.84684 -0.17874 0.38308 -0.17943 -0.15899 -0.26193 0.36073 -0.1471 -0.35839
0.21945 0.34353 0.55464 -0.55299 -0.55299 0.38684 0.56688 0.23353 -0.39978 0.25346 -0.57979 -0.53278 0.5408 0.065625 0.36631 0.25146 -0.488 0.19978 0.48616 -0.57989 0.58949 0.16656 -0.48911 0.15109 -0.51477 -0.51317 -0.51145 -0.39829 -0.64558 0.48937 0.49098 0.21126 0.21523 0.21728 -0.39829 1.0 -0.4985 -0.64709 0.67237 -0.46504 0.48058 0.2189 0.47715 0.43415 -0.64709 0.27643 0.38748 -0.27468
0.39141 -0.1651 -0.24361 -0.30345 -0.30345 -0.18846 -0.25637 0.36357 0.13134 0.35248 -0.25706 -0.26705 0.27342 -0.12628 -0.11233 0.35358 -0.37701 0.45343 -0.24235 -0.34789 0.35269 0.52183 0.24636 0.51156 0.25907 0.25828 0.25986 0.80333 -0.33755 -0.24395 -0.24476 0.50149 0.50149 0.50049 0.80333 -0.4985 1.0 -0.33302 -0.33518 0.93287 -0.23464 0.48296 -0.23546 -0.21117 -0.32235 0.4554 -0.1875 -0.45744
-0.57812 -0.22771 -0.38781 0.86715 0.86715 -0.25417 -0.38988 -0.5689 0.32393 -0.58079 0.85545 0.8132 -0.82309 0.039825 -0.29885 -0.57959 0.8613 -0.61133 -0.31459 0.93544 -0.94547 -0.63543 0.31979 -0.6096 0.33629 0.33527 0.33198 -0.27415 0.99766 -0.31667 -0.31771 -0.66605 -0.67037 -0.67171 -0.27415 -0.64709 -0.33302 1.0 -0.43509 -0.31563 -0.31532 -0.66237 -0.31088 -0.28556 0.99062 -0.70058 -0.25571 0.70048
0.59907 -0.20482 0.85165 -0.4619 -0.4619 -0.21939 0.86623 0.60341 0.20008 0.63678 -0.47828 -0.49472 0.50239 -0.16239 -0.19198 0.63824 -0.46667 0.6014 -0.21097 -0.42874 0.435 0.57567 0.21715 0.56248 0.2365 0.2353 0.23769 -0.26545 -0.43407 -0.31371 -0.30918 0.64487 0.64487 0.64359 -0.27158 0.67237 -0.33518 -0.43509 1.0 -0.31268 -0.3123 0.64828 -0.31333 -0.2828 -0.43509 0.61288 -0.25957 -0.6092
0.34608 -0.15229 -0.22571 -0.2746 -0.2746 -0.175 -0.23307 0.31512 0.10948 0.30484 -0.2252 -0.23461 0.2406 -0.1178 -0.091776 0.30586 -0.3517 0.41323 -0.22608 -0.32454 0.32902 0.4868 0.22982 0.47721 0.24168 0.24094 0.24242 0.84684 -0.31489 -0.22758 -0.22832 0.46782 0.46782 0.46689 0.84684 -0.46504 0.93287 -0.31563 -0.31268 1.0 -0.2175 0.45807 -0.21827 -0.19553 -0.31007 0.43237 -0.17333 -0.42969
-0.41268 0.67474 -0.28824 -0.17015 -0.16485 0.73918 -0.28974 -0.39955 -0.73344 -0.41337 -0.18002 -0.10104 0.10761 0.27172 0.68801 -0.4176 -0.07638 -0.44081 0.85626 -0.23729 0.24229 -0.45335 -0.86726 -0.4578 -0.9226 -0.92546 -0.91975 -0.18591 -0.31456 0.98054 0.97729 -0.47763 -0.47256 -0.46847 -0.17874 0.48058 -0.23464 -0.31532 -0.3123 -0.2175 1.0 -0.487 0.99678 0.90833 -0.32083 -0.37271 0.81672 0.37067
0.85174 -0.31814 0.58568 -0.65805 -0.65805 -0.35014 0.58877 0.83282 0.28511 0.8547 -0.63536 -0.65838 0.67048 -0.24883 -0.26265 0.8569 -0.72207 0.90457 -0.38516 -0.66414 0.6737 0.93675 0.39399 0.91653 0.4218 0.42008 0.42352 0.3887 -0.6608 -0.48069 -0.47717 0.98416 0.98416 0.9822 0.38308 0.2189 0.48296 -0.66237 0.64828 0.45807 -0.487 1.0 -0.48857 -0.44235 -0.66669 0.94578 -0.39774 -0.94013
-0.41415 0.6725 -0.2892 -0.16641 -0.16113 0.73673 -0.2907 -0.40097 -0.73074 -0.41481 -0.17634 -0.097598 0.1042 0.27055 0.6855 -0.41902 -0.072802 -0.44231 0.85335 -0.2331 0.23815 -0.45492 -0.8643 -0.45941 -0.91947 -0.92234 -0.91663 -0.18659 -0.31011 0.97737 0.97413 -0.47926 -0.4742 -0.47012 -0.17943 0.47715 -0.23546 -0.31088 -0.31333 -0.21827 0.99678 -0.48857 1.0 0.9054 -0.31637 -0.37466 0.81409 0.37264
-0.37087 0.7449 -0.26093 -0.2825 -0.27687 0.81572 -0.26229 -0.35893 -0.81756 -0.37229 -0.29064 -0.20429 0.20986 -0.016176 0.76635 -0.37693 -0.18358 -0.39802 0.75224 -0.20109 0.20571 -0.40862 -0.76653 -0.41187 -0.83312 -0.83571 -0.83054 -0.16663 -0.28487 0.88557 0.88263 -0.43147 -0.42608 -0.42157 -0.15899 0.43415 -0.21117 -0.28556 -0.2828 -0.19553 0.90833 -0.44235 0.9054 1.0 -0.29141 -0.46771 0.89915 0.46512
-0.56944 -0.22771 -0.38781 0.85814 0.85814 -0.25417 -0.38988 -0.56019 0.32393 -0.5721 0.84649 0.8043 -0.81422 0.039825 -0.29885 -0.5709 0.85227 -0.60268 -0.31459 0.92616 -0.93624 -0.62679 0.31979 -0.60096 0.33629 0.33527 0.33198 -0.26193 0.98827 -0.31667 -0.31771 -0.65741 -0.66173 -0.66308 -0.26193 -0.64709 -0.32235 0.99062 -0.43509 -0.31007 -0.32083 -0.66669 -0.31637 -0.29141 1.0 -0.7049 -0.26202 0.70481
0.80287 -0.33848 0.55292 -0.58442 -0.58442 -0.37219 0.55584 0.78541 0.31291 0.80634 -0.56344 -0.58819 0.60136 -0.023819 -0.28829 0.80864 -0.64791 0.85373 -0.2684 -0.7034 0.7135 0.88395 0.27916 0.8626 0.31269 0.31063 0.31474 0.36637 -0.69892 -0.36488 -0.36174 0.92924 0.92924 0.92716 0.36073 0.27643 0.4554 -0.70058 0.61288 0.43237 -0.37271 0.94578 -0.37466 -0.46771 -0.7049 1.0 -0.42054 -0.99403
-0.34032 0.83052 -0.24008 -0.24597 -0.2399 0.90916 -0.24129 -0.3296 -0.7352 -0.34257 -0.25333 -0.15886 0.16397 0.0019837 0.66731 -0.34185 -0.13988 -0.36081 0.66031 -0.16321 0.16745 -0.37519 -0.67824 -0.37715 -0.75754 -0.75988 -0.75521 -0.1471 -0.25509 0.80501 0.80235 -0.39088 -0.39088 -0.39168 -0.1471 0.38748 -0.1875 -0.25571 -0.25957 -0.17333 0.81672 -0.39774 0.81409 0.89915 -0.26202 -0.42054 1.0 0.41724
-0.80178 0.34073 -0.5495 0.58494 0.58494 0.37463 -0.55241 -0.78449 -0.3109 -0.8053 0.56408 0.58898 -0.59814 0.016758 0.2911 -0.80762 0.6484 -0.85243 0.26619 0.70774 -0.71365 -0.88243 -0.27197 -0.86095 -0.30597 -0.30388 -0.30805 -0.36403 0.70315 0.36276 0.35963 -0.9275 -0.9275 -0.92541 -0.35839 -0.27468 -0.45744 0.70048 -0.6092 -0.42969 0.37067 -0.94013 0.37264 0.46512 0.70481 -0.99403 0.41724 1.0
