1.0 0.32042 0.109 0.28376 0.41262 0.48088 0.42856 0.30493 0.65924 0.28468 0.31951 0.9431 0.65792 0.41075 0.32768 -0.65204 0.2763 -0.97673 0.38839 -0.9506 0.23146 0.26062 -0.20565 -0.74493 -0.42253 0.23777 -0.71945 0.20785 0.22625 0.1968 -0.71375 0.2155 -0.7166 0.016395 -0.69361 -0.16988 -0.56083 -0.066903 0.041342 0.052957 0.14781 -0.10028 -0.0401 0.1736 0.0053656 -0.025405 0.13565 -0.33709
0.32042 1.0 0.34019 -0.25953 -0.37738 0.5887 -0.31199 0.95166 0.48604 -0.2543 0.99716 0.30219 0.48224 -0.37568 0.96663 -0.46675 -0.24652 -0.31296 -0.37661 -0.30414 0.82755 -0.20554 0.3907 -0.24529 -0.38477 0.83583 -0.23542 -0.3875 0.70462 -0.24296 -0.23361 0.76879 -0.23452 0.01974 -0.22248 0.25379 -0.17081 0.10997 -0.06671 -0.020704 0.18157 0.080137 -0.0010026 0.19547 -0.067878 0.087661 0.076732 -0.1278
0.109 0.34019 1.0 -0.088288 -0.12838 0.22668 -0.13334 0.35747 0.16535 -0.088577 0.34116 0.1028 0.16568 -0.1278 0.33265 -0.16042 -0.08597 -0.10647 -0.12983 -0.10534 0.30717 -0.084804 0.13629 -0.093452 -0.14258 0.28996 -0.090304 -0.13688 -0.023894 -0.086841 -0.089729 0.30651 -0.090017 -0.014265 -0.090017 0.14849 -0.078296 0.12007 -0.10252 -0.10731 0.1462 0.1033 -0.017497 0.15157 -0.1028 0.025842 -0.086979 -0.052646
0.28376 -0.25953 -0.088288 1.0 -0.3342 0.59008 -0.34174 -0.24698 -0.53396 0.99674 -0.25879 0.26761 -0.53288 -0.33269 -0.21125 0.49373 0.96044 -0.27715 -0.33257 -0.26238 -0.19491 0.85315 0.31746 -0.22431 0.48754 -0.18849 -0.22217 -0.31372 -0.14124 0.83158 -0.22063 -0.17034 -0.2214 -0.0040163 -0.20847 0.22014 -0.18257 -0.25036 0.48916 0.46513 -0.20649 -0.24757 -0.018467 -0.20776 0.47535 0.18101 -0.2172 -0.050203
0.41262 -0.37738 -0.12838 -0.3342 1.0 -0.56637 0.9628 -0.35914 0.62589 -0.33529 -0.37631 0.38914 0.62715 0.99549 -0.38093 -0.60295 -0.3199 -0.40301 0.97532 -0.39874 -0.3603 -0.28197 -0.8046 -0.29074 -0.45653 -0.36712 -0.27751 0.80069 -0.30006 -0.29027 -0.27508 -0.34319 -0.27629 0.0010395 -0.27629 -0.56812 -0.21988 0.047383 -0.3083 -0.31854 0.14764 0.040501 -0.021228 0.1604 -0.3294 -0.25237 0.23875 -0.15919
0.48088 0.5887 0.22668 0.59008 -0.56637 1.0 -0.58397 0.63411 -0.038698 0.59201 0.58669 0.45352 -0.04115 -0.56381 0.59994 0.02229 0.56928 -0.46969 -0.56846 -0.45057 0.50308 0.51868 0.56728 -0.372 0.084337 0.51606 -0.36242 -0.56145 0.50671 0.46984 -0.35974 0.54072 -0.36108 0.016205 -0.34049 0.4299 -0.27772 -0.076861 0.30285 0.30167 0.014648 -0.099342 -0.012479 0.024953 0.29097 0.20193 -0.087578 -0.14002
0.42856 -0.31199 -0.13334 -0.34174 0.9628 -0.58397 1.0 -0.37301 0.64586 -0.34289 -0.31075 0.40417 0.64717 0.95846 -0.31689 -0.62224 -0.32708 -0.41858 0.94259 -0.41415 -0.30599 -0.28935 -0.77267 -0.30518 -0.47408 -0.31355 -0.29151 0.76869 -0.31434 -0.29803 -0.289 -0.35944 -0.29026 -0.001729 -0.29026 -0.59786 -0.23227 0.01562 -0.27012 -0.25835 0.11977 0.0079304 -0.024345 0.13299 -0.29108 -0.23009 0.21413 -0.16739
0.30493 0.95166 0.35747 -0.24698 -0.35914 0.63411 -0.37301 1.0 0.46254 -0.24154 0.94852 0.28758 0.45856 -0.35752 0.91904 -0.44382 -0.23412 -0.29783 -0.3632 -0.28901 0.79284 -0.19867 0.37616 -0.23117 -0.36354 0.79682 -0.22174 -0.37272 0.74558 -0.23027 -0.22001 0.81451 -0.22087 0.023515 -0.20849 0.30882 -0.158 0.14946 -0.10295 -0.08691 0.2171 0.11982 0.0029126 0.23067 -0.104 0.0678 0.10417 -0.11956
0.65924 0.48604 0.16535 -0.53396 0.62589 -0.038698 0.64586 0.46254 1.0 -0.53058 0.48466 0.62174 0.99799 0.62307 0.45459 -0.9621 -0.5095 -0.6439 0.60325 -0.63244 0.35693 -0.4392 -0.43027 -0.48095 -0.75488 0.35746 -0.46016 0.42928 0.31025 -0.47856 -0.45634 0.32359 -0.45825 0.017606 -0.44811 -0.32241 -0.35135 0.13733 -0.34713 -0.31804 0.29225 0.10571 -0.020877 0.31599 -0.36802 -0.16434 0.28993 -0.25787
0.28468 -0.2543 -0.088577 0.99674 -0.33529 0.59201 -0.34289 -0.24154 -0.53058 1.0 -0.25964 0.26849 -0.53463 -0.33378 -0.21222 0.49565 0.96393 -0.27806 -0.33368 -0.2633 -0.19604 0.85694 0.3187 -0.22515 0.48983 -0.18966 -0.22297 -0.31498 -0.14224 0.83528 -0.22142 -0.17146 -0.22219 -0.0042053 -0.20929 0.2219 -0.18328 -0.25208 0.48675 0.4627 -0.20793 -0.24936 -0.018671 -0.20916 0.47296 0.17682 -0.21831 -0.050828
0.31951 0.99716 0.34116 -0.25879 -0.37631 0.58669 -0.31075 0.94852 0.48466 -0.25964 1.0 0.30133 0.48564 -0.37461 0.96945 -0.47021 -0.25199 -0.31207 -0.37552 -0.30325 0.83027 -0.21102 0.38955 -0.24446 -0.38844 0.83858 -0.23462 -0.38633 0.70692 -0.24838 -0.23282 0.77136 -0.23372 0.019955 -0.22166 0.25212 -0.17006 0.11223 -0.06549 -0.019351 0.1836 0.082406 -0.00077824 0.19748 -0.066656 0.091369 0.078299 -0.12732
0.9431 0.30219 0.1028 0.26761 0.38914 0.45352 0.40417 0.28758 0.62174 0.26849 0.30133 1.0 0.62049 0.38738 0.30904 -0.61255 0.26058 -0.92784 0.36378 -0.8892 0.21817 0.24476 -0.17866 -0.68332 -0.38328 0.22412 -0.65981 0.18075 0.20702 0.18452 -0.65336 0.20311 -0.65659 0.043239 -0.63291 -0.22003 -0.48918 -0.019696 0.01947 0.029968 0.12441 -0.055671 -0.046182 0.15196 -0.017669 0.0029844 0.10843 -0.36187
0.65792 0.48224 0.16568 -0.53288 0.62715 -0.04115 0.64717 0.45856 0.99799 -0.53463 0.48564 0.62049 1.0 0.62432 0.4556 -0.96419 -0.51368 -0.64261 0.60453 -0.63116 0.35805 -0.44345 -0.43166 -0.47983 -0.7573 0.35861 -0.45908 0.43067 0.31119 -0.48269 -0.45527 0.32468 -0.45717 0.017757 -0.44704 -0.32408 -0.35043 0.13906 -0.34594 -0.31681 0.29365 0.10749 -0.020683 0.31735 -0.36683 -0.1613 0.29109 -0.25724
0.41075 -0.37568 -0.1278 -0.33269 0.99549 -0.56381 0.95846 -0.35752 0.62307 -0.33378 -0.37461 0.38738 0.62432 1.0 -0.37918 -0.6002 -0.31842 -0.40119 0.97083 -0.39694 -0.35832 -0.28046 -0.80013 -0.28904 -0.45396 -0.36511 -0.27586 0.79624 -0.29839 -0.28873 -0.27344 -0.34128 -0.27466 0.0013699 -0.27466 -0.56413 -0.21842 0.046896 -0.30642 -0.31656 0.15098 0.040124 -0.020858 0.16368 -0.32755 -0.251 0.24171 -0.16626
0.32768 0.96663 0.33265 -0.21125 -0.38093 0.59994 -0.31689 0.91904 0.45459 -0.21222 0.96945 0.30904 0.4556 -0.37918 1.0 -0.48223 -0.25844 -0.32006 -0.38532 -0.31667 0.85956 -0.21789 0.3999 -0.25768 -0.40437 0.86719 -0.24773 -0.3968 0.74491 -0.25498 -0.24591 0.80296 -0.24682 0.01805 -0.23493 0.26228 -0.18325 0.10167 -0.070836 -0.020606 0.18042 0.071692 -0.0027736 0.1946 -0.072027 0.078764 0.064387 -0.14051
-0.65204 -0.46675 -0.16042 0.49373 -0.60295 0.02229 -0.62224 -0.44382 -0.9621 0.49565 -0.47021 -0.61255 -0.96419 -0.6002 -0.48223 1.0 0.53068 0.66369 -0.61409 0.65201 -0.38116 0.45998 0.43897 0.49801 0.78513 -0.38113 0.47662 -0.43784 -0.34101 0.49973 0.4727 -0.34918 0.47466 -0.015339 0.46449 0.32587 0.36545 -0.14385 0.36045 0.32754 -0.30498 -0.11125 0.023815 -0.3296 0.38148 0.16666 -0.29979 0.26743
0.2763 -0.24652 -0.08597 0.96044 -0.3199 0.56928 -0.32708 -0.23412 -0.5095 0.96393 -0.25199 0.26058 -0.51368 -0.31842 -0.25844 0.53068 1.0 -0.26987 -0.32911 -0.25498 -0.23872 0.89087 0.31293 -0.2176 0.52261 -0.23162 -0.21578 -0.30906 -0.19109 0.86896 -0.21427 -0.21522 -0.21503 -0.0024776 -0.20188 0.20588 -0.17686 -0.24691 0.50904 0.47918 -0.2057 -0.24351 -0.01681 -0.20744 0.49502 0.19838 -0.20827 -0.045126
-0.97673 -0.31296 -0.10647 -0.27715 -0.40301 -0.46969 -0.41858 -0.29783 -0.6439 -0.27806 -0.31207 -0.92784 -0.64261 -0.40119 -0.32006 0.66369 -0.26987 1.0 -0.40757 0.9628 -0.23217 -0.26018 0.22154 0.76406 0.43868 -0.23829 0.73792 -0.22366 -0.21843 -0.1953 0.73209 -0.2167 0.73501 -0.044781 0.71175 0.18638 0.57612 0.048748 -0.030328 -0.04154 -0.17291 0.083152 0.042527 -0.19967 0.0060976 0.016926 -0.15565 0.34691
0.38839 -0.37661 -0.12983 -0.33257 0.97532 -0.56846 0.94259 -0.3632 0.60325 -0.33368 -0.37552 0.36378 0.60453 0.97083 -0.38532 -0.61409 -0.32911 -0.40757 1.0 -0.40326 -0.37003 -0.29131 -0.82461 -0.29498 -0.46731 -0.37689 -0.28162 0.82064 -0.30949 -0.29961 -0.27917 -0.35284 -0.2804 0.000218 -0.2804 -0.57811 -0.22352 0.059245 -0.31796 -0.32832 0.16149 0.052054 -0.022149 0.17456 -0.33899 -0.24895 0.25992 -0.1616
-0.9506 -0.30414 -0.10534 -0.26238 -0.39874 -0.45057 -0.41415 -0.28901 -0.63244 -0.2633 -0.30325 -0.8892 -0.63116 -0.39694 -0.31667 0.65201 -0.25498 0.9628 -0.40326 1.0 -0.21742 -0.25732 0.24967 0.77855 0.45295 -0.22357 0.75224 -0.25173 -0.20921 -0.192 0.74637 -0.20188 0.74931 -0.014352 0.72593 0.17472 0.58954 0.047789 -0.030782 -0.041689 -0.18161 0.08264 0.043632 -0.20877 0.005861 0.015874 -0.17684 0.36013
0.23146 0.82755 0.30717 -0.19491 -0.3603 0.50308 -0.30599 0.79284 0.35693 -0.19604 0.83027 0.21817 0.35805 -0.35832 0.85956 -0.38116 -0.23872 -0.23217 -0.37003 -0.21742 1.0 -0.27608 0.4437 -0.30424 -0.46416 0.97982 -0.29399 -0.44093 0.8326 -0.28272 -0.29212 0.95128 -0.29305 0.1292 -0.28163 0.27879 -0.22986 0.18394 -0.089792 -0.064382 0.27518 0.15749 0.062722 0.28637 -0.091063 0.12559 0.12727 -0.15433
0.26062 -0.20554 -0.084804 0.85315 -0.28197 0.51868 -0.28935 -0.19867 -0.4392 0.85694 -0.21102 0.24476 -0.44345 -0.28046 -0.21789 0.45998 0.89087 -0.26018 -0.29131 -0.25732 -0.27608 1.0 0.34079 -0.23367 0.56778 -0.25087 -0.2258 -0.33681 -0.23296 0.93585 -0.22436 -0.26551 -0.22508 -0.035669 -0.21182 0.20392 -0.18851 -0.29799 0.56247 0.55568 -0.25475 -0.30463 -0.043751 -0.24605 0.54829 0.20452 -0.23908 -0.062335
-0.20565 0.3907 0.13629 0.31746 -0.8046 0.56728 -0.77267 0.37616 -0.43027 0.3187 0.38955 -0.17866 -0.43166 -0.80013 0.3999 0.43897 0.31293 0.22154 -0.82461 0.24967 0.4437 0.34079 1.0 0.37554 0.57295 0.45051 0.36289 -0.99567 0.37439 0.34897 0.36058 0.42671 0.35647 0.057325 0.36174 0.69768 0.30309 -0.026656 0.36796 0.37867 -0.13429 -0.022579 0.070314 -0.14363 0.3545 0.32289 -0.25155 0.17223
-0.74493 -0.24529 -0.093452 -0.22431 -0.29074 -0.372 -0.30518 -0.23117 -0.48095 -0.22515 -0.24446 -0.68332 -0.47983 -0.28904 -0.25768 0.49801 -0.2176 0.76406 -0.29498 0.77855 -0.30424 -0.23367 0.37554 1.0 0.65546 -0.30891 0.96631 -0.37717 -0.25671 -0.15627 0.96016 -0.29258 0.957 -0.039306 0.93826 0.32577 0.78993 0.042316 0.0073289 -0.0012271 -0.22676 0.082461 0.05643 -0.25842 0.0061331 0.049523 -0.22017 0.43285
-0.42253 -0.38477 -0.14258 0.48754 -0.45653 0.084337 -0.47408 -0.36354 -0.75488 0.48983 -0.38844 -0.38328 -0.7573 -0.45396 -0.40437 0.78513 0.52261 0.43868 -0.46731 0.45295 -0.46416 0.56778 0.57295 0.65546 1.0 -0.47128 0.63338 -0.57115 -0.39166 0.60909 0.62934 -0.44638 0.62616 -0.059968 0.62095 0.44346 0.51494 -0.19375 0.45329 0.42222 -0.38147 -0.16109 0.013679 -0.40555 0.44118 0.19497 -0.36494 0.31486
0.23777 0.83583 0.28996 -0.18849 -0.36712 0.51606 -0.31355 0.79682 0.35746 -0.18966 0.83858 0.22412 0.35861 -0.36511 0.86719 -0.38113 -0.23162 -0.23829 -0.37689 -0.22357 0.97982 -0.25087 0.45051 -0.30891 -0.47128 1.0 -0.2985 -0.4478 0.83104 -0.28705 -0.2966 0.94717 -0.29755 0.12724 -0.2862 0.27039 -0.23395 0.1799 -0.096634 -0.051173 0.2728 0.15327 0.061004 0.28895 -0.097916 0.13364 0.12828 -0.15708
-0.71945 -0.23542 -0.090304 -0.22217 -0.27751 -0.36242 -0.29151 -0.22174 -0.46016 -0.22297 -0.23462 -0.65981 -0.45908 -0.27586 -0.24773 0.47662 -0.21578 0.73792 -0.28162 0.75224 -0.29399 -0.2258 0.36289 0.96631 0.63338 -0.2985 1.0 -0.36447 -0.24807 -0.21819 0.99363 -0.28273 0.99044 -0.037982 0.97132 0.30855 0.81814 0.067438 -0.042207 -0.048722 -0.21123 0.10911 0.060233 -0.24403 -0.043291 0.032137 -0.20791 0.44977
0.20785 -0.3875 -0.13688 -0.31372 0.80069 -0.56145 0.76869 -0.37272 0.42928 -0.31498 -0.38633 0.18075 0.43067 0.79624 -0.3968 -0.43784 -0.30906 -0.22366 0.82064 -0.25173 -0.44093 -0.33681 -0.99567 -0.37717 -0.57115 -0.4478 -0.36447 1.0 -0.37087 -0.34511 -0.36215 -0.42377 -0.35805 -0.057574 -0.36331 -0.6932 -0.30447 0.027172 -0.36492 -0.37584 0.13544 0.022982 -0.07062 0.14487 -0.35149 -0.31971 0.24871 -0.1732
0.22625 0.70462 -0.023894 -0.14124 -0.30006 0.50671 -0.31434 0.74558 0.31025 -0.14224 0.70692 0.20702 0.31119 -0.29839 0.74491 -0.34101 -0.19109 -0.21843 -0.30949 -0.20921 0.8326 -0.23296 0.37439 -0.25671 -0.39166 0.83104 -0.24807 -0.37087 1.0 -0.23855 -0.24649 0.8774 -0.24728 -0.039186 -0.23477 0.26937 -0.18767 0.15408 -0.089999 -0.096233 0.23545 0.13942 -0.048066 0.24372 -0.091051 0.069367 0.22543 -0.12594
0.1968 -0.24296 -0.086841 0.83158 -0.29027 0.46984 -0.29803 -0.23027 -0.47856 0.83528 -0.24838 0.18452 -0.48269 -0.28873 -0.25498 0.49973 0.86896 -0.1953 -0.29961 -0.192 -0.28272 0.93585 0.34897 -0.15627 0.60909 -0.28705 -0.21819 -0.34511 -0.23855 1.0 -0.22975 -0.27189 -0.23049 -0.036526 -0.21743 0.2425 -0.19332 -0.31448 0.61666 0.58414 -0.2641 -0.31627 -0.044802 -0.26066 0.60256 0.21343 -0.24644 -0.066547
-0.71375 -0.23361 -0.089729 -0.22063 -0.27508 -0.35974 -0.289 -0.22001 -0.45634 -0.22142 -0.23282 -0.65336 -0.45527 -0.27344 -0.24591 0.4727 -0.21427 0.73209 -0.27917 0.74637 -0.29212 -0.22436 0.36058 0.96016 0.62934 -0.2966 0.99363 -0.36215 -0.24649 -0.22975 1.0 -0.28093 0.99681 -0.037741 0.97761 0.30539 0.82351 0.072128 -0.051443 -0.057578 -0.20836 0.11409 0.06095 -0.24139 -0.052507 0.028901 -0.20566 0.45298
0.2155 0.76879 0.30651 -0.17034 -0.34319 0.54072 -0.35944 0.81451 0.32359 -0.17146 0.77136 0.20311 0.32468 -0.34128 0.80296 -0.34918 -0.21522 -0.2167 -0.35284 -0.20188 0.95128 -0.26551 0.42671 -0.29258 -0.44638 0.94717 -0.28273 -0.42377 0.8774 -0.27189 -0.28093 1.0 -0.28183 0.13434 -0.27018 0.33314 -0.21961 0.2223 -0.12638 -0.13003 0.31532 0.20081 0.067198 0.3262 -0.12755 0.10505 0.16103 -0.14744
-0.7166 -0.23452 -0.090017 -0.2214 -0.27629 -0.36108 -0.29026 -0.22087 -0.45825 -0.22219 -0.23372 -0.65659 -0.45717 -0.27466 -0.24682 0.47466 -0.21503 0.73501 -0.2804 0.74931 -0.29305 -0.22508 0.35647 0.957 0.62616 -0.29755 0.99044 -0.35805 -0.24728 -0.23049 0.99681 -0.28183 1.0 -0.037862 0.97446 0.30188 0.82081 0.074861 -0.052744 -0.058933 -0.20451 0.11666 0.060591 -0.23738 -0.05381 0.030522 -0.20111 0.45137
0.016395 0.01974 -0.014265 -0.0040163 0.0010395 0.016205 -0.001729 0.023515 0.017606 -0.0042053 0.019955 0.043239 0.017757 0.0013699 0.01805 -0.015339 -0.0024776 -0.044781 0.000218 -0.014352 0.1292 -0.035669 0.057325 -0.039306 -0.059968 0.12724 -0.037982 -0.057574 -0.039186 -0.036526 -0.037741 0.13434 -0.037862 1.0 -0.037862 0.067199 -0.032932 0.088388 -0.04312 -0.045136 0.10581 0.085928 0.67817 0.10841 -0.043239 0.051575 -0.047153 -0.022143
-0.69361 -0.22248 -0.090017 -0.20847 -0.27629 -0.34049 -0.29026 -0.20849 -0.44811 -0.20929 -0.22166 -0.63291 -0.44704 -0.27466 -0.23493 0.46449 -0.20188 0.71175 -0.2804 0.72593 -0.28163 -0.21182 0.36174 0.93826 0.62095 -0.2862 0.97132 -0.36331 -0.23477 -0.21743 0.97761 -0.27018 0.97446 -0.037862 1.0 0.31715 0.83481 0.085027 -0.046816 -0.053141 -0.19923 0.1268 0.060591 -0.23206 -0.04789 0.046907 -0.19544 0.46091
-0.16988 0.25379 0.14849 0.22014 -0.56812 0.4299 -0.59786 0.30882 -0.32241 0.2219 0.25212 -0.22003 -0.32408 -0.56413 0.26228 0.32587 0.20588 0.18638 -0.57811 0.17472 0.27879 0.20392 0.69768 0.32577 0.44346 0.27039 0.30855 -0.6932 0.26937 0.2425 0.30539 0.33314 0.30188 0.067199 0.31715 1.0 0.24613 0.026974 0.29393 0.26084 -0.0095742 0.035009 0.082425 -0.02121 0.26722 0.26688 -0.13201 0.16441
-0.56083 -0.17081 -0.078296 -0.18257 -0.21988 -0.27772 -0.23227 -0.158 -0.35135 -0.18328 -0.17006 -0.48918 -0.35043 -0.21842 -0.18325 0.36545 -0.17686 0.57612 -0.22352 0.58954 -0.22986 -0.18851 0.30309 0.78993 0.51494 -0.23395 0.81814 -0.30447 -0.18767 -0.19332 0.82351 -0.21961 0.82081 -0.032932 0.83481 0.24613 1.0 0.14538 -0.20419 -0.20331 -0.17221 0.18852 0.076882 -0.21039 -0.20489 -0.034098 -0.18422 0.5157
-0.066903 0.10997 0.12007 -0.25036 0.047383 -0.076861 0.01562 0.14946 0.13733 -0.25208 0.11223 -0.019696 0.13906 0.046896 0.10167 -0.14385 -0.24691 0.048748 0.059245 0.047789 0.18394 -0.29799 -0.026656 0.042316 -0.19375 0.1799 0.067438 0.027172 0.15408 -0.31448 0.072128 0.2223 0.074861 0.088388 0.085027 0.026974 0.14538 1.0 -0.48786 -0.50605 0.77641 0.96007 0.10841 0.80682 -0.4892 0.58351 0.6856 0.29584
0.041342 -0.06671 -0.10252 0.48916 -0.3083 0.30285 -0.27012 -0.10295 -0.34713 0.48675 -0.06549 0.01947 -0.34594 -0.30642 -0.070836 0.36045 0.50904 -0.030328 -0.31796 -0.030782 -0.089792 0.56247 0.36796 0.0073289 0.45329 -0.096634 -0.042207 -0.36492 -0.089999 0.61666 -0.051443 -0.12638 -0.052744 -0.04312 -0.046816 0.29393 -0.20419 -0.48786 1.0 0.95534 -0.40751 -0.50182 -0.052891 -0.39775 0.96428 0.37066 -0.33361 -0.15029
0.052957 -0.020704 -0.10731 0.46513 -0.31854 0.30167 -0.25835 -0.08691 -0.31804 0.4627 -0.019351 0.029968 -0.31681 -0.31656 -0.020606 0.32754 0.47918 -0.04154 -0.32832 -0.041689 -0.064382 0.55568 0.37867 -0.0012271 0.42222 -0.051173 -0.048722 -0.37584 -0.096233 0.58414 -0.057578 -0.13003 -0.058933 -0.045136 -0.053141 0.26084 -0.20331 -0.50605 0.95534 1.0 -0.42656 -0.52528 -0.055364 -0.41634 0.92038 0.38798 -0.34958 -0.15793
0.14781 0.18157 0.1462 -0.20649 0.14764 0.014648 0.11977 0.2171 0.29225 -0.20793 0.1836 0.12441 0.29365 0.15098 0.18042 -0.30498 -0.2057 -0.17291 0.16149 -0.18161 0.27518 -0.25475 -0.13429 -0.22676 -0.38147 0.2728 -0.21123 0.13544 0.23545 -0.2641 -0.20836 0.31532 -0.20451 0.10581 -0.19923 -0.0095742 -0.17221 0.77641 -0.40751 -0.42656 1.0 0.81207 0.12979 0.96723 -0.40863 0.43316 0.81749 -0.18559
-0.10028 0.080137 0.1033 -0.24757 0.040501 -0.099342 0.0079304 0.11982 0.10571 -0.24936 0.082406 -0.055671 0.10749 0.040124 0.071692 -0.11125 -0.24351 0.083152 0.052054 0.08264 0.15749 -0.30463 -0.022579 0.082461 -0.16109 0.15327 0.10911 0.022982 0.13942 -0.31627 0.11409 0.20081 0.11666 0.085928 0.1268 0.035009 0.18852 0.96007 -0.50182 -0.52528 0.81207 1.0 0.1054 0.78839 -0.5032 0.54822 0.6708 0.30199
-0.0401 -0.0010026 -0.017497 -0.018467 -0.021228 -0.012479 -0.024345 0.0029126 -0.020877 -0.018671 -0.00077824 -0.046182 -0.020683 -0.020858 -0.0027736 0.023815 -0.01681 0.042527 -0.022149 0.043632 0.062722 -0.043751 0.070314 0.05643 0.013679 0.061004 0.060233 -0.07062 -0.048066 -0.044802 0.06095 0.067198 0.060591 0.67817 0.060591 0.082425 0.076882 0.10841 -0.052891 -0.055364 0.12979 0.1054 1.0 0.13298 -0.053037 0.063261 -0.057838 0.09268
0.1736 0.19547 0.15157 -0.20776 0.1604 0.024953 0.13299 0.23067 0.31599 -0.20916 0.19748 0.15196 0.31735 0.16368 0.1946 -0.3296 -0.20744 -0.19967 0.17456 -0.20877 0.28637 -0.24605 -0.14363 -0.25842 -0.40555 0.28895 -0.24403 0.14487 0.24372 -0.26066 -0.24139 0.3262 -0.23738 0.10841 -0.23206 -0.02121 -0.21039 0.80682 -0.39775 -0.41634 0.96723 0.78839 0.13298 1.0 -0.39884 0.47118 0.83306 -0.1804
0.0053656 -0.067878 -0.1028 0.47535 -0.3294 0.29097 -0.29108 -0.104 -0.36802 0.47296 -0.066656 -0.017669 -0.36683 -0.32755 -0.072027 0.38148 0.49502 0.0060976 -0.33899 0.005861 -0.091063 0.54829 0.3545 0.0061331 0.44118 -0.097916 -0.043291 -0.35149 -0.091051 0.60256 -0.052507 -0.12755 -0.05381 -0.043239 -0.04789 0.26722 -0.20489 -0.4892 0.96428 0.92038 -0.40863 -0.5032 -0.053037 -0.39884 1.0 0.33623 -0.33455 -0.15958
-0.025405 0.087661 0.025842 0.18101 -0.25237 0.20193 -0.23009 0.0678 -0.16434 0.17682 0.091369 0.0029844 -0.1613 -0.251 0.078764 0.16666 0.19838 0.016926 -0.24895 0.015874 0.12559 0.20452 0.32289 0.049523 0.19497 0.13364 0.032137 -0.31971 0.069367 0.21343 0.028901 0.10505 0.030522 0.051575 0.046907 0.26688 -0.034098 0.58351 0.37066 0.38798 0.43316 0.54822 0.063261 0.47118 0.33623 1.0 0.40532 0.19034
0.13565 0.076732 -0.086979 -0.2172 0.23875 -0.087578 0.21413 0.10417 0.28993 -0.21831 0.078299 0.10843 0.29109 0.24171 0.064387 -0.29979 -0.20827 -0.15565 0.25992 -0.17684 0.12727 -0.23908 -0.25155 -0.22017 -0.36494 0.12828 -0.20791 0.24871 0.22543 -0.24644 -0.20566 0.16103 -0.20111 -0.047153 -0.19544 -0.13201 -0.18422 0.6856 -0.33361 -0.34958 0.81749 0.6708 -0.057838 0.83306 -0.33455 0.40532 1.0 -0.17402
-0.33709 -0.1278 -0.052646 -0.050203 -0.15919 -0.14002 -0.16739 -0.11956 -0.25787 -0.050828 -0.12732 -0.36187 -0.25724 -0.16626 -0.14051 0.26743 -0.045126 0.34691 -0.1616 0.36013 -0.15433 -0.062335 0.17223 0.43285 0.31486 -0.15708 0.44977 -0.1732 -0.12594 -0.066547 0.45298 -0.14744 0.45137 -0.022143 0.46091 0.16441 0.5157 0.29584 -0.15029 -0.15793 -0.18559 0.30199 0.09268 -0.1804 -0.15958 0.19034 -0.17402 1.0
